LXCat, www.lxcat.net
Generated on 05 January 2026. All rights reserved.

RECOMMENDED REFERENCE FORMAT
- Tabata & Shirai (2000) database, www.lxcat.net, retrieved on January 05, 2026.

CROSS SECTION DATA FORMAT
In downloaded files, each collision process is defined by a block consisting of
1st line: Collision type (ELASTIC, EXCITATION, IONIZATION, etc.)
2nd line: Target and product species
3rd line: Threshold energy (eV) or mass ratio
4th+ lines: Comments and reference information
Finally: Table of cross section vs energy

====================================================================================================
DATABASE:         Tabata & Shirai (2000)
PERMLINK:         Atomic Data and Nuclear Data Tables 76, 1-25
DESCRIPTION:      Analytic cross sections for H+, H2+, H3+, H, H2 collisions with H2
CONTACT:          T. Tabata and T. Shirai
====================================================================================================

****************************************************************************************************

IONIZATION
H2++H2->fastH+
 5.000000e+00
SPECIES: H2++H2 -> fastH+
PROCESS: H2++H2->fastH+
PARAM.:  Reaction No.14, Equation type 4
COMMENT: Tabata & Shirai (2000) analytic formula
         Energy range: 5.620e+00 - 9.900e+04 eV
         Threshold: 5.000e+00 eV
UPDATED: 2026-01-05 13:40:17
COLUMNS: Energy (eV) | Cross section (m2)
--------------------------------------------------
 1.000000e-01	0.000000e+00
 1.084311e-01	0.000000e+00
 1.175731e-01	0.000000e+00
 1.274858e-01	0.000000e+00
 1.382343e-01	0.000000e+00
 1.498890e-01	0.000000e+00
 1.625263e-01	0.000000e+00
 1.762291e-01	0.000000e+00
 1.910872e-01	0.000000e+00
 2.071980e-01	0.000000e+00
 2.246671e-01	0.000000e+00
 2.436090e-01	0.000000e+00
 2.641480e-01	0.000000e+00
 2.864187e-01	0.000000e+00
 3.105670e-01	0.000000e+00
 3.367512e-01	0.000000e+00
 3.651431e-01	0.000000e+00
 3.959288e-01	0.000000e+00
 4.293100e-01	0.000000e+00
 4.655057e-01	0.000000e+00
 5.047530e-01	0.000000e+00
 5.473093e-01	0.000000e+00
 5.934537e-01	0.000000e+00
 6.434884e-01	0.000000e+00
 6.977417e-01	0.000000e+00
 7.565692e-01	0.000000e+00
 8.203564e-01	0.000000e+00
 8.895217e-01	0.000000e+00
 9.645183e-01	0.000000e+00
 1.045838e+00	0.000000e+00
 1.134014e+00	0.000000e+00
 1.229624e+00	0.000000e+00
 1.333295e+00	0.000000e+00
 1.445707e+00	0.000000e+00
 1.567596e+00	0.000000e+00
 1.699762e+00	0.000000e+00
 1.843071e+00	0.000000e+00
 1.998462e+00	0.000000e+00
 2.166955e+00	0.000000e+00
 2.349654e+00	0.000000e+00
 2.547756e+00	0.000000e+00
 2.762560e+00	0.000000e+00
 2.995475e+00	0.000000e+00
 3.248027e+00	0.000000e+00
 3.521872e+00	0.000000e+00
 3.818806e+00	0.000000e+00
 4.140774e+00	0.000000e+00
 4.489887e+00	0.000000e+00
 4.868435e+00	0.000000e+00
 5.278899e+00	1.436100e-21
 5.723969e+00	3.881131e-21
 6.206564e+00	6.201786e-21
 6.729847e+00	7.614967e-21
 7.297248e+00	8.252648e-21
 7.912488e+00	8.445745e-21
 8.579599e+00	8.421431e-21
 9.302956e+00	8.300921e-21
 1.008730e+01	8.144032e-21
 1.093777e+01	7.979470e-21
 1.185995e+01	7.820689e-21
 1.285987e+01	7.673686e-21
 1.394411e+01	7.540798e-21
 1.511975e+01	7.422582e-21
 1.639452e+01	7.318744e-21
 1.777676e+01	7.228616e-21
 1.927554e+01	7.151394e-21
 2.090068e+01	7.086259e-21
 2.266284e+01	7.032433e-21
 2.457357e+01	6.989201e-21
 2.664540e+01	6.955926e-21
 2.889191e+01	6.932043e-21
 3.132782e+01	6.917057e-21
 3.396910e+01	6.910536e-21
 3.683308e+01	6.912106e-21
 3.993852e+01	6.921442e-21
 4.330579e+01	6.938266e-21
 4.695695e+01	6.962337e-21
 5.091595e+01	6.993452e-21
 5.520873e+01	7.031437e-21
 5.986345e+01	7.076145e-21
 6.491060e+01	7.127456e-21
 7.038330e+01	7.185270e-21
 7.631740e+01	7.249507e-21
 8.275181e+01	7.320103e-21
 8.972871e+01	7.397013e-21
 9.729385e+01	7.480203e-21
 1.054968e+02	7.569656e-21
 1.143914e+02	7.665364e-21
 1.240358e+02	7.767332e-21
 1.344935e+02	7.875575e-21
 1.458328e+02	7.990116e-21
 1.581281e+02	8.110990e-21
 1.714601e+02	8.238239e-21
 1.859161e+02	8.371914e-21
 2.015909e+02	8.512072e-21
 2.185873e+02	8.658780e-21
 2.370166e+02	8.812110e-21
 2.569998e+02	8.972142e-21
 2.786677e+02	9.138964e-21
 3.021625e+02	9.312668e-21
 3.276382e+02	9.493354e-21
 3.552618e+02	9.681130e-21
 3.852144e+02	9.876106e-21
 4.176922e+02	1.007840e-20
 4.529084e+02	1.028815e-20
 4.910936e+02	1.050546e-20
 5.324983e+02	1.073050e-20
 5.773939e+02	1.096339e-20
 6.260747e+02	1.120429e-20
 6.788598e+02	1.145336e-20
 7.360953e+02	1.171075e-20
 7.981563e+02	1.197664e-20
 8.654499e+02	1.225120e-20
 9.384170e+02	1.253461e-20
 1.017536e+03	1.282706e-20
 1.103326e+03	1.312874e-20
 1.196348e+03	1.343986e-20
 1.297214e+03	1.376060e-20
 1.406584e+03	1.409120e-20
 1.525175e+03	1.443184e-20
 1.653764e+03	1.478276e-20
 1.793195e+03	1.514416e-20
 1.944381e+03	1.551626e-20
 2.108314e+03	1.589925e-20
 2.286069e+03	1.629332e-20
 2.478810e+03	1.669863e-20
 2.687801e+03	1.711530e-20
 2.914413e+03	1.754339e-20
 3.160131e+03	1.798286e-20
 3.426565e+03	1.843353e-20
 3.715463e+03	1.889502e-20
 4.028718e+03	1.936666e-20
 4.368384e+03	1.984734e-20
 4.736688e+03	2.033533e-20
 5.136044e+03	2.082805e-20
 5.569070e+03	2.132167e-20
 6.038605e+03	2.181063e-20
 6.547727e+03	2.228704e-20
 7.099774e+03	2.273989e-20
 7.698364e+03	2.315415e-20
 8.347423e+03	2.350997e-20
 9.051204e+03	2.378223e-20
 9.814322e+03	2.394106e-20
 1.064178e+04	2.395423e-20
 1.153900e+04	2.379211e-20
 1.251187e+04	2.343571e-20
 1.356676e+04	2.288614e-20
 1.471059e+04	2.217195e-20
 1.595085e+04	2.134961e-20
 1.729569e+04	2.049435e-20
 1.875391e+04	1.968387e-20
 2.033508e+04	1.898206e-20
 2.204955e+04	1.842915e-20
 2.390858e+04	1.804070e-20
 2.592434e+04	1.781278e-20
 2.811005e+04	1.772948e-20
 3.048004e+04	1.776951e-20
 3.304985e+04	1.791084e-20
 3.583632e+04	1.813311e-20
 3.885772e+04	1.841862e-20
 4.213387e+04	1.875230e-20
 4.568622e+04	1.912118e-20
 4.953808e+04	1.951354e-20
 5.371470e+04	1.991792e-20
 5.824345e+04	2.032204e-20
 6.315403e+04	2.071146e-20
 6.847862e+04	2.106818e-20
 7.425213e+04	2.136895e-20
 8.051242e+04	2.158356e-20
 8.730052e+04	2.167347e-20
 9.466093e+04	2.159129e-20
 1.026419e+05	2.128246e-20
 1.112958e+05	2.069060e-20
 1.206793e+05	1.976783e-20
 1.308539e+05	1.848982e-20
 1.418863e+05	1.687188e-20
 1.538489e+05	1.497887e-20
 1.668201e+05	1.292085e-20
 1.808849e+05	1.083246e-20
 1.961355e+05	8.843275e-21
 2.126720e+05	7.052020e-21
 2.306026e+05	5.514410e-21
 2.500450e+05	4.245419e-21
 2.711266e+05	3.230315e-21
 2.939856e+05	2.437637e-21
 3.187718e+05	1.829783e-21
 3.456479e+05	1.369861e-21
 3.747899e+05	1.025219e-21
 4.063889e+05	7.687200e-22
 4.406520e+05	5.787045e-22
 4.778039e+05	4.383550e-22
 5.180881e+05	3.348556e-22
 5.617687e+05	2.585670e-22
 6.091321e+05	2.023043e-22
 6.604888e+05	1.607468e-22
 7.161754e+05	1.299717e-22
 7.765570e+05	1.070961e-22
 8.420295e+05	9.000601e-23
 9.130220e+05	7.715346e-23
 9.900000e+05	6.740642e-23
--------------------------------------------------
====================================================================================================
