LXCat, www.lxcat.net
Generated on 05 January 2026. All rights reserved.

RECOMMENDED REFERENCE FORMAT
- Tabata & Shirai (2000) database, www.lxcat.net, retrieved on January 05, 2026.

CROSS SECTION DATA FORMAT
In downloaded files, each collision process is defined by a block consisting of
1st line: Collision type (ELASTIC, EXCITATION, IONIZATION, etc.)
2nd line: Target and product species
3rd line: Threshold energy (eV) or mass ratio
4th+ lines: Comments and reference information
Finally: Table of cross section vs energy

====================================================================================================
DATABASE:         Tabata & Shirai (2000)
PERMLINK:         Atomic Data and Nuclear Data Tables 76, 1-25
DESCRIPTION:      Analytic cross sections for H+, H2+, H3+, H, H2 collisions with H2
CONTACT:          T. Tabata and T. Shirai
====================================================================================================

****************************************************************************************************

IONIZATION
H3++H2->fastH2
 0.000000e+00
SPECIES: H3++H2 -> fastH2
PROCESS: H3++H2->fastH2
PARAM.:  Reaction No.21, Equation type 3
COMMENT: Tabata & Shirai (2000) analytic formula
         Energy range: 5.400e+01 - 1.180e+05 eV
         Threshold: 0.000e+00 eV
UPDATED: 2026-01-05 13:40:17
COLUMNS: Energy (eV) | Cross section (m2)
--------------------------------------------------
 5.400000e-01	1.260946e-20
 5.810995e-01	1.335946e-20
 6.253270e-01	1.413692e-20
 6.729208e-01	1.494040e-20
 7.241369e-01	1.576811e-20
 7.792510e-01	1.661784e-20
 8.385599e-01	1.748700e-20
 9.023829e-01	1.837259e-20
 9.710633e-01	1.927120e-20
 1.044971e+00	2.017907e-20
 1.124504e+00	2.109207e-20
 1.210090e+00	2.200578e-20
 1.302190e+00	2.291551e-20
 1.401300e+00	2.381640e-20
 1.507953e+00	2.470344e-20
 1.622724e+00	2.557161e-20
 1.746230e+00	2.641593e-20
 1.879135e+00	2.723152e-20
 2.022157e+00	2.801376e-20
 2.176063e+00	2.875830e-20
 2.341684e+00	2.946118e-20
 2.519910e+00	3.011887e-20
 2.711700e+00	3.072833e-20
 2.918088e+00	3.128707e-20
 3.140184e+00	3.179315e-20
 3.379184e+00	3.224520e-20
 3.636375e+00	3.264242e-20
 3.913140e+00	3.298457e-20
 4.210969e+00	3.327192e-20
 4.531467e+00	3.350524e-20
 4.876357e+00	3.368572e-20
 5.247497e+00	3.381497e-20
 5.646885e+00	3.389490e-20
 6.076670e+00	3.392773e-20
 6.539167e+00	3.391587e-20
 7.036864e+00	3.386192e-20
 7.572440e+00	3.376858e-20
 8.148780e+00	3.363864e-20
 8.768985e+00	3.347491e-20
 9.436393e+00	3.328017e-20
 1.015460e+01	3.305721e-20
 1.092747e+01	3.280870e-20
 1.175916e+01	3.253725e-20
 1.265415e+01	3.224538e-20
 1.361726e+01	3.193547e-20
 1.465367e+01	3.160977e-20
 1.576896e+01	3.127043e-20
 1.696914e+01	3.091943e-20
 1.826066e+01	3.055865e-20
 1.965049e+01	3.018982e-20
 2.114609e+01	2.981454e-20
 2.275552e+01	2.943429e-20
 2.448744e+01	2.905044e-20
 2.635119e+01	2.866423e-20
 2.835678e+01	2.827680e-20
 3.051502e+01	2.788920e-20
 3.283752e+01	2.750238e-20
 3.533679e+01	2.711720e-20
 3.802628e+01	2.673444e-20
 4.092046e+01	2.635481e-20
 4.403492e+01	2.597896e-20
 4.738643e+01	2.560747e-20
 5.099302e+01	2.524088e-20
 5.487410e+01	2.487965e-20
 5.905058e+01	2.452422e-20
 6.354493e+01	2.417499e-20
 6.838134e+01	2.383231e-20
 7.358585e+01	2.349651e-20
 7.918648e+01	2.316788e-20
 8.521338e+01	2.284671e-20
 9.169898e+01	2.253324e-20
 9.867820e+01	2.222771e-20
 1.061886e+02	2.193033e-20
 1.142706e+02	2.164132e-20
 1.229678e+02	2.136087e-20
 1.323269e+02	2.108916e-20
 1.423983e+02	2.082638e-20
 1.532363e+02	2.057271e-20
 1.648991e+02	2.032831e-20
 1.774496e+02	2.009336e-20
 1.909553e+02	1.986804e-20
 2.054890e+02	1.965251e-20
 2.211287e+02	1.944696e-20
 2.379589e+02	1.925156e-20
 2.560700e+02	1.906652e-20
 2.755595e+02	1.889201e-20
 2.965324e+02	1.872824e-20
 3.191015e+02	1.857542e-20
 3.433883e+02	1.843378e-20
 3.695237e+02	1.830355e-20
 3.976482e+02	1.818496e-20
 4.279132e+02	1.807828e-20
 4.604818e+02	1.798378e-20
 4.955291e+02	1.790174e-20
 5.332439e+02	1.783246e-20
 5.738292e+02	1.777626e-20
 6.175034e+02	1.773348e-20
 6.645017e+02	1.770447e-20
 7.150770e+02	1.768959e-20
 7.695016e+02	1.768925e-20
 8.280685e+02	1.770386e-20
 8.910929e+02	1.773386e-20
 9.589141e+02	1.777970e-20
 1.031897e+03	1.784188e-20
 1.110435e+03	1.792089e-20
 1.194950e+03	1.801729e-20
 1.285898e+03	1.813163e-20
 1.383768e+03	1.826449e-20
 1.489087e+03	1.841651e-20
 1.602422e+03	1.858834e-20
 1.724382e+03	1.878064e-20
 1.855625e+03	1.899414e-20
 1.996857e+03	1.922957e-20
 2.148838e+03	1.948770e-20
 2.312386e+03	1.976934e-20
 2.488382e+03	2.007531e-20
 2.677774e+03	2.040646e-20
 2.881579e+03	2.076369e-20
 3.100897e+03	2.114790e-20
 3.336906e+03	2.156000e-20
 3.590879e+03	2.200092e-20
 3.864181e+03	2.247160e-20
 4.158284e+03	2.297297e-20
 4.474772e+03	2.350593e-20
 4.815348e+03	2.407135e-20
 5.181844e+03	2.467003e-20
 5.576235e+03	2.530271e-20
 6.000643e+03	2.596999e-20
 6.457353e+03	2.667232e-20
 6.948823e+03	2.740993e-20
 7.477699e+03	2.818281e-20
 8.046828e+03	2.899059e-20
 8.659273e+03	2.983245e-20
 9.318332e+03	3.070707e-20
 1.002755e+04	3.161245e-20
 1.079075e+04	3.254579e-20
 1.161204e+04	3.350330e-20
 1.249583e+04	3.448003e-20
 1.344689e+04	3.546968e-20
 1.447033e+04	3.646434e-20
 1.557167e+04	3.745429e-20
 1.675683e+04	3.842776e-20
 1.803220e+04	3.937079e-20
 1.940463e+04	4.026708e-20
 2.088152e+04	4.109800e-20
 2.247082e+04	4.184267e-20
 2.418107e+04	4.247837e-20
 2.602150e+04	4.298104e-20
 2.800200e+04	4.332619e-20
 3.013324e+04	4.348999e-20
 3.242668e+04	4.345071e-20
 3.489468e+04	4.319027e-20
 3.755052e+04	4.269590e-20
 4.040849e+04	4.196158e-20
 4.348399e+04	4.098916e-20
 4.679356e+04	3.978899e-20
 5.035503e+04	3.837975e-20
 5.418756e+04	3.678764e-20
 5.831178e+04	3.504488e-20
 6.274990e+04	3.318766e-20
 6.752580e+04	3.125398e-20
 7.266520e+04	2.928139e-20
 7.819576e+04	2.730509e-20
 8.414725e+04	2.535643e-20
 9.055171e+04	2.346193e-20
 9.744361e+04	2.164280e-20
 1.048601e+05	1.991494e-20
 1.128410e+05	1.828927e-20
 1.214293e+05	1.677228e-20
 1.306713e+05	1.536668e-20
 1.406167e+05	1.407216e-20
 1.513191e+05	1.288605e-20
 1.628360e+05	1.180396e-20
 1.752295e+05	1.082031e-20
 1.885662e+05	9.928798e-21
 2.029180e+05	9.122708e-21
 2.183621e+05	8.395231e-21
 2.349817e+05	7.739644e-21
 2.528662e+05	7.149456e-21
 2.721119e+05	6.618506e-21
 2.928224e+05	6.141022e-21
 3.151091e+05	5.711650e-21
 3.390921e+05	5.325469e-21
 3.649005e+05	4.977982e-21
 3.926731e+05	4.665106e-21
 4.225595e+05	4.383147e-21
 4.547206e+05	4.128777e-21
 4.893294e+05	3.899008e-21
 5.265723e+05	3.691163e-21
 5.666498e+05	3.502848e-21
 6.097776e+05	3.331927e-21
 6.561879e+05	3.176496e-21
 7.061304e+05	3.034862e-21
 7.598741e+05	2.905516e-21
 8.177083e+05	2.787121e-21
 8.799441e+05	2.678487e-21
 9.469168e+05	2.578560e-21
 1.018987e+06	2.486404e-21
 1.096542e+06	2.401188e-21
 1.180000e+06	2.322177e-21
--------------------------------------------------
====================================================================================================
