LXCat, www.lxcat.net
Generated on 05 January 2026. All rights reserved.

RECOMMENDED REFERENCE FORMAT
- Tabata & Shirai (2000) database, www.lxcat.net, retrieved on January 05, 2026.

CROSS SECTION DATA FORMAT
In downloaded files, each collision process is defined by a block consisting of
1st line: Collision type (ELASTIC, EXCITATION, IONIZATION, etc.)
2nd line: Target and product species
3rd line: Threshold energy (eV) or mass ratio
4th+ lines: Comments and reference information
Finally: Table of cross section vs energy

====================================================================================================
DATABASE:         Tabata & Shirai (2000)
PERMLINK:         Atomic Data and Nuclear Data Tables 76, 1-25
DESCRIPTION:      Analytic cross sections for H+, H2+, H3+, H, H2 collisions with H2
CONTACT:          T. Tabata and T. Shirai
====================================================================================================

****************************************************************************************************

EXCITATION
H+H2->Ha(total)
 2.300000e+01
SPECIES: H+H2 -> Ha(total)
PROCESS: H+H2->Ha(total)
PARAM.:  Reaction No.33, Equation type 12
COMMENT: Tabata & Shirai (2000) analytic formula
         Energy range: 3.160e+01 - 1.000e+05 eV
         Threshold: 2.300e+01 eV
UPDATED: 2026-01-05 13:40:17
COLUMNS: Energy (eV) | Cross section (m2)
--------------------------------------------------
 2.300000e-01	0.000000e+00
 2.483625e-01	0.000000e+00
 2.681910e-01	0.000000e+00
 2.896025e-01	0.000000e+00
 3.127234e-01	0.000000e+00
 3.376903e-01	0.000000e+00
 3.646504e-01	0.000000e+00
 3.937630e-01	0.000000e+00
 4.251998e-01	0.000000e+00
 4.591464e-01	0.000000e+00
 4.958032e-01	0.000000e+00
 5.353866e-01	0.000000e+00
 5.781302e-01	0.000000e+00
 6.242863e-01	0.000000e+00
 6.741274e-01	0.000000e+00
 7.279476e-01	0.000000e+00
 7.860646e-01	0.000000e+00
 8.488216e-01	0.000000e+00
 9.165888e-01	0.000000e+00
 9.897664e-01	0.000000e+00
 1.068786e+00	0.000000e+00
 1.154115e+00	0.000000e+00
 1.246256e+00	0.000000e+00
 1.345753e+00	0.000000e+00
 1.453194e+00	0.000000e+00
 1.569212e+00	0.000000e+00
 1.694493e+00	0.000000e+00
 1.829776e+00	0.000000e+00
 1.975860e+00	0.000000e+00
 2.133606e+00	0.000000e+00
 2.303946e+00	0.000000e+00
 2.487886e+00	0.000000e+00
 2.686511e+00	0.000000e+00
 2.900994e+00	0.000000e+00
 3.132600e+00	0.000000e+00
 3.382697e+00	0.000000e+00
 3.652761e+00	0.000000e+00
 3.944386e+00	0.000000e+00
 4.259294e+00	0.000000e+00
 4.599342e+00	0.000000e+00
 4.966540e+00	0.000000e+00
 5.363053e+00	0.000000e+00
 5.791222e+00	0.000000e+00
 6.253575e+00	0.000000e+00
 6.752841e+00	0.000000e+00
 7.291966e+00	0.000000e+00
 7.874134e+00	0.000000e+00
 8.502780e+00	0.000000e+00
 9.181616e+00	0.000000e+00
 9.914647e+00	0.000000e+00
 1.070620e+01	0.000000e+00
 1.156095e+01	0.000000e+00
 1.248394e+01	0.000000e+00
 1.348062e+01	0.000000e+00
 1.455687e+01	0.000000e+00
 1.571905e+01	0.000000e+00
 1.697400e+01	0.000000e+00
 1.832916e+01	0.000000e+00
 1.979250e+01	0.000000e+00
 2.137267e+01	0.000000e+00
 2.307900e+01	4.544373e-29
 2.492155e+01	5.322924e-26
 2.691121e+01	2.567163e-25
 2.905972e+01	6.765397e-25
 3.137975e+01	1.385997e-24
 3.388502e+01	2.471430e-24
 3.659029e+01	4.035784e-24
 3.951154e+01	6.202012e-24
 4.266602e+01	9.116640e-24
 4.607234e+01	1.295357e-23
 4.975061e+01	1.791810e-23
 5.372255e+01	2.425099e-23
 5.801159e+01	3.223247e-23
 6.264305e+01	4.218571e-23
 6.764428e+01	5.447940e-23
 7.304478e+01	6.952880e-23
 7.887645e+01	8.779432e-23
 8.517370e+01	1.097768e-22
 9.197370e+01	1.360081e-22
 9.931659e+01	1.670362e-22
 1.072457e+02	2.034032e-22
 1.158079e+02	2.456160e-22
 1.250536e+02	2.941100e-22
 1.350375e+02	3.492063e-22
 1.458185e+02	4.110657e-22
 1.574602e+02	4.796443e-22
 1.700313e+02	5.546560e-22
 1.836061e+02	6.355482e-22
 1.982646e+02	7.214978e-22
 2.140934e+02	8.114311e-22
 2.311860e+02	9.040680e-22
 2.496431e+02	9.979880e-22
 2.695739e+02	1.091710e-21
 2.910958e+02	1.183777e-21
 3.143360e+02	1.272832e-21
 3.394316e+02	1.357683e-21
 3.665307e+02	1.437344e-21
 3.957934e+02	1.511050e-21
 4.273923e+02	1.578262e-21
 4.615140e+02	1.638644e-21
 4.983598e+02	1.692032e-21
 5.381473e+02	1.738406e-21
 5.811113e+02	1.777845e-21
 6.275054e+02	1.810500e-21
 6.776034e+02	1.836566e-21
 7.317012e+02	1.856254e-21
 7.901179e+02	1.869780e-21
 8.531984e+02	1.877353e-21
 9.213151e+02	1.879166e-21
 9.948701e+02	1.875401e-21
 1.074297e+03	1.866225e-21
 1.160066e+03	1.851796e-21
 1.252682e+03	1.832274e-21
 1.352692e+03	1.807824e-21
 1.460687e+03	1.778626e-21
 1.577304e+03	1.744885e-21
 1.703230e+03	1.706839e-21
 1.839211e+03	1.664769e-21
 1.986048e+03	1.619000e-21
 2.144608e+03	1.569915e-21
 2.315827e+03	1.517951e-21
 2.500715e+03	1.463609e-21
 2.700364e+03	1.407452e-21
 2.915953e+03	1.350108e-21
 3.148753e+03	1.292270e-21
 3.400140e+03	1.234699e-21
 3.671596e+03	1.178226e-21
 3.964725e+03	1.123758e-21
 4.281256e+03	1.072278e-21
 4.623059e+03	1.024851e-21
 4.992149e+03	9.826178e-22
 5.390707e+03	9.467822e-22
 5.821084e+03	9.185671e-22
 6.285821e+03	8.991390e-22
 6.787661e+03	8.894780e-22
 7.329567e+03	8.901884e-22
 7.914736e+03	9.012607e-22
 8.546624e+03	9.218264e-22
 9.228960e+03	9.499912e-22
 9.965771e+03	9.828511e-22
 1.076141e+04	1.016770e-21
 1.162056e+04	1.047906e-21
 1.254831e+04	1.072849e-21
 1.355013e+04	1.089156e-21
 1.463193e+04	1.095626e-21
 1.580010e+04	1.092247e-21
 1.706153e+04	1.079923e-21
 1.842367e+04	1.060104e-21
 1.989456e+04	1.034447e-21
 2.148288e+04	1.004567e-21
 2.319800e+04	9.718974e-22
 2.505006e+04	9.376284e-22
 2.704998e+04	9.027033e-22
 2.920956e+04	8.678449e-22
 3.154156e+04	8.335947e-22
 3.405974e+04	8.003541e-22
 3.677896e+04	7.684232e-22
 3.971528e+04	7.380343e-22
 4.288602e+04	7.093812e-22
 4.630991e+04	6.826442e-22
 5.000715e+04	6.580125e-22
 5.399956e+04	6.357061e-22
 5.831072e+04	6.159963e-22
 6.296606e+04	5.992282e-22
 6.799308e+04	5.858447e-22
 7.342143e+04	5.764122e-22
 7.928317e+04	5.716475e-22
 8.561289e+04	5.724445e-22
 9.244795e+04	5.798943e-22
 9.982871e+04	5.952930e-22
 1.077987e+05	6.201218e-22
 1.164050e+05	6.559812e-22
 1.256984e+05	7.044546e-22
 1.357338e+05	7.668760e-22
 1.465704e+05	8.439889e-22
 1.582721e+05	9.355174e-22
 1.709080e+05	1.039728e-21
 1.845528e+05	1.153130e-21
 1.992869e+05	1.270510e-21
 2.151974e+05	1.385423e-21
 2.323781e+05	1.491123e-21
 2.509304e+05	1.581691e-21
 2.709639e+05	1.652968e-21
 2.925968e+05	1.703019e-21
 3.159568e+05	1.732036e-21
 3.411818e+05	1.741838e-21
 3.684207e+05	1.735206e-21
 3.978343e+05	1.715282e-21
 4.295961e+05	1.685126e-21
 4.638937e+05	1.647461e-21
 5.009295e+05	1.604561e-21
 5.409222e+05	1.558245e-21
 5.841077e+05	1.509919e-21
 6.307410e+05	1.460636e-21
 6.810974e+05	1.411173e-21
 7.354741e+05	1.362086e-21
 7.941921e+05	1.313768e-21
 8.575979e+05	1.266487e-21
 9.260658e+05	1.220421e-21
 1.000000e+06	1.175680e-21
--------------------------------------------------
====================================================================================================
