LXCat, www.lxcat.net
Generated on 05 January 2026. All rights reserved.

RECOMMENDED REFERENCE FORMAT
- Tabata & Shirai (2000) database, www.lxcat.net, retrieved on January 05, 2026.

CROSS SECTION DATA FORMAT
In downloaded files, each collision process is defined by a block consisting of
1st line: Collision type (ELASTIC, EXCITATION, IONIZATION, etc.)
2nd line: Target and product species
3rd line: Threshold energy (eV) or mass ratio
4th+ lines: Comments and reference information
Finally: Table of cross section vs energy

====================================================================================================
DATABASE:         Tabata & Shirai (2000)
PERMLINK:         Atomic Data and Nuclear Data Tables 76, 1-25
DESCRIPTION:      Analytic cross sections for H+, H2+, H3+, H, H2 collisions with H2
CONTACT:          T. Tabata and T. Shirai
====================================================================================================

****************************************************************************************************

ELASTIC
H2+H2->momentum_transfer
 1.000000e-3
SPECIES: H2+H2 -> momentum_transfer
PROCESS: H2+H2->momentum_transfer
PARAM.:  Reaction No.46, Equation type 6
COMMENT: Tabata & Shirai (2000) analytic formula
         Energy range: 1.000e-01 - 1.000e+04 eV
         Threshold: 0.000e+00 eV
UPDATED: 2026-01-05 13:40:17
COLUMNS: Energy (eV) | Cross section (m2)
--------------------------------------------------
 1.000000e-01	1.999206e-19
 1.071891e-01	1.977130e-19
 1.148951e-01	1.955130e-19
 1.231551e-01	1.933199e-19
 1.320088e-01	1.911328e-19
 1.414991e-01	1.889510e-19
 1.516717e-01	1.867735e-19
 1.625756e-01	1.845996e-19
 1.742633e-01	1.824283e-19
 1.867914e-01	1.802587e-19
 2.002200e-01	1.780899e-19
 2.146141e-01	1.759209e-19
 2.300430e-01	1.737507e-19
 2.465811e-01	1.715784e-19
 2.643081e-01	1.694030e-19
 2.833096e-01	1.672233e-19
 3.036771e-01	1.650385e-19
 3.255089e-01	1.628474e-19
 3.489101e-01	1.606490e-19
 3.739937e-01	1.584422e-19
 4.008806e-01	1.562261e-19
 4.297005e-01	1.539995e-19
 4.605922e-01	1.517613e-19
 4.937048e-01	1.495107e-19
 5.291979e-01	1.472466e-19
 5.672426e-01	1.449680e-19
 6.080224e-01	1.426741e-19
 6.517340e-01	1.403639e-19
 6.985880e-01	1.380367e-19
 7.488104e-01	1.356916e-19
 8.026434e-01	1.333281e-19
 8.603464e-01	1.309455e-19
 9.221979e-01	1.285434e-19
 9.884959e-01	1.261214e-19
 1.059560e+00	1.236793e-19
 1.135733e+00	1.212170e-19
 1.217383e+00	1.187344e-19
 1.304902e+00	1.162319e-19
 1.398713e+00	1.137099e-19
 1.499268e+00	1.111688e-19
 1.607053e+00	1.086096e-19
 1.722586e+00	1.060331e-19
 1.846425e+00	1.034405e-19
 1.979167e+00	1.008333e-19
 2.121452e+00	9.821311e-20
 2.273966e+00	9.558180e-20
 2.437444e+00	9.294146e-20
 2.612675e+00	9.029441e-20
 2.800504e+00	8.764317e-20
 3.001836e+00	8.499049e-20
 3.217642e+00	8.233930e-20
 3.448962e+00	7.969273e-20
 3.696913e+00	7.705403e-20
 3.962689e+00	7.442664e-20
 4.247572e+00	7.181407e-20
 4.552935e+00	6.921995e-20
 4.880252e+00	6.664794e-20
 5.231099e+00	6.410174e-20
 5.607170e+00	6.158504e-20
 6.010277e+00	5.910151e-20
 6.442364e+00	5.665473e-20
 6.905514e+00	5.424817e-20
 7.401960e+00	5.188518e-20
 7.934097e+00	4.956895e-20
 8.504489e+00	4.730246e-20
 9.115888e+00	4.508849e-20
 9.771242e+00	4.292958e-20
 1.047371e+01	4.082802e-20
 1.122668e+01	3.878580e-20
 1.203378e+01	3.680467e-20
 1.289890e+01	3.488608e-20
 1.382622e+01	3.303116e-20
 1.482021e+01	3.124080e-20
 1.588565e+01	2.951558e-20
 1.702769e+01	2.785578e-20
 1.825183e+01	2.626146e-20
 1.956398e+01	2.473240e-20
 2.097046e+01	2.326813e-20
 2.247806e+01	2.186797e-20
 2.409404e+01	2.053105e-20
 2.582619e+01	1.925629e-20
 2.768287e+01	1.804245e-20
 2.967302e+01	1.688815e-20
 3.180626e+01	1.579189e-20
 3.409285e+01	1.475204e-20
 3.654383e+01	1.376691e-20
 3.917101e+01	1.283471e-20
 4.198707e+01	1.195363e-20
 4.500558e+01	1.112178e-20
 4.824109e+01	1.033728e-20
 5.170920e+01	9.598242e-21
 5.542665e+01	8.902752e-21
 5.941134e+01	8.248930e-21
 6.368250e+01	7.634912e-21
 6.826072e+01	7.058863e-21
 7.316807e+01	6.518986e-21
 7.842822e+01	6.013527e-21
 8.406653e+01	5.540779e-21
 9.011018e+01	5.099084e-21
 9.658832e+01	4.686839e-21
 1.035322e+02	4.302497e-21
 1.109752e+02	3.944566e-21
 1.189534e+02	3.611611e-21
 1.275051e+02	3.302255e-21
 1.366716e+02	3.015176e-21
 1.464971e+02	2.749107e-21
 1.570290e+02	2.502836e-21
 1.683180e+02	2.275201e-21
 1.804186e+02	2.065093e-21
 1.933892e+02	1.871450e-21
 2.072922e+02	1.693257e-21
 2.221947e+02	1.529544e-21
 2.381686e+02	1.379385e-21
 2.552908e+02	1.241893e-21
 2.736440e+02	1.116224e-21
 2.933166e+02	1.001570e-21
 3.144035e+02	8.971622e-22
 3.370064e+02	8.022659e-22
 3.612343e+02	7.161832e-22
 3.872039e+02	6.382503e-22
 4.150405e+02	5.678369e-22
 4.448783e+02	5.043462e-22
 4.768612e+02	4.472138e-22
 5.111433e+02	3.959075e-22
 5.478901e+02	3.499266e-22
 5.872787e+02	3.088013e-22
 6.294989e+02	2.720923e-22
 6.747544e+02	2.393897e-22
 7.232634e+02	2.103127e-22
 7.752597e+02	1.845083e-22
 8.309942e+02	1.616506e-22
 8.907355e+02	1.414397e-22
 9.547716e+02	1.236002e-22
 1.023411e+03	1.078807e-22
 1.096986e+03	9.405177e-23
 1.175850e+03	8.190525e-23
 1.260383e+03	7.125255e-23
 1.350994e+03	6.192347e-23
 1.448118e+03	5.376483e-23
 1.552225e+03	4.663919e-23
 1.663817e+03	4.042354e-23
 1.783431e+03	3.500814e-23
 1.911644e+03	3.029526e-23
 2.049075e+03	2.619814e-23
 2.196385e+03	2.263992e-23
 2.354286e+03	1.955265e-23
 2.523539e+03	1.687640e-23
 2.704960e+03	1.455838e-23
 2.899423e+03	1.255224e-23
 3.107866e+03	1.081730e-23
 3.331295e+03	9.317928e-24
 3.570786e+03	8.022989e-24
 3.827494e+03	6.905286e-24
 4.102658e+03	5.941107e-24
 4.397604e+03	5.109804e-24
 4.713753e+03	4.393419e-24
 5.052631e+03	3.776349e-24
 5.415871e+03	3.245053e-24
 5.805226e+03	2.787791e-24
 6.222571e+03	2.394391e-24
 6.669920e+03	2.056052e-24
 7.149429e+03	1.765159e-24
 7.663411e+03	1.515134e-24
 8.214344e+03	1.300294e-24
 8.804884e+03	1.115735e-24
 9.437878e+03	9.572267e-25
 1.011638e+04	8.211217e-25
 1.084366e+04	7.042773e-25
 1.162322e+04	6.039870e-25
 1.245883e+04	5.179205e-25
 1.335452e+04	4.440724e-25
 1.431459e+04	3.807176e-25
 1.534368e+04	3.263726e-25
 1.644676e+04	2.797622e-25
 1.762914e+04	2.397902e-25
 1.889652e+04	2.055150e-25
 2.025502e+04	1.761277e-25
 2.171118e+04	1.509335e-25
 2.327202e+04	1.293361e-25
 2.494508e+04	1.108235e-25
 2.673842e+04	9.495616e-26
 2.866068e+04	8.135712e-26
 3.072113e+04	6.970285e-26
 3.292971e+04	5.971581e-26
 3.529707e+04	5.115795e-26
 3.783463e+04	4.382513e-26
 4.055461e+04	3.754226e-26
 4.347013e+04	3.215925e-26
 4.659526e+04	2.754739e-26
 4.994505e+04	2.359636e-26
 5.353567e+04	2.021158e-26
 5.738442e+04	1.731199e-26
 6.150986e+04	1.482810e-26
 6.593188e+04	1.270039e-26
 7.067181e+04	1.087782e-26
 7.575250e+04	9.316658e-27
 8.119845e+04	7.979447e-27
 8.703591e+04	6.834081e-27
 9.329304e+04	5.853054e-27
 1.000000e+05	5.012800e-27
--------------------------------------------------
====================================================================================================
