LXCat, www.lxcat.net
Generated on 23 December 2025. All rights reserved.

RECOMMENDED REFERENCE FORMAT
- Tabata & Shirai (2000) database, www.lxcat.net, retrieved on December 23, 2025.

CROSS SECTION DATA FORMAT
In downloaded files, each collision process is defined by a block consisting of
1st line: Collision type (ELASTIC, EXCITATION, IONIZATION, etc.)
2nd line: Target and product species
3rd line: Threshold energy (eV) or mass ratio
4th+ lines: Comments and reference information
Finally: Table of cross section vs energy

====================================================================================================
DATABASE:         Tabata & Shirai (2000)
PERMLINK:         Atomic Data and Nuclear Data Tables 76, 1-25
DESCRIPTION:      Analytic cross sections for H+, H2+, H3+, H, H2 collisions with H2
CONTACT:          T. Tabata and T. Shirai
====================================================================================================

****************************************************************************************************

IONIZATION
H2++H2->slowH2+
 0.000000e+00
SPECIES: H2++H2 -> slowH2+
PROCESS: H2++H2->slowH2+
PARAM.:  Reaction No.12, Equation type 5
COMMENT: Tabata & Shirai (2000) analytic formula
         Energy range: 1.000e-01 - 4.670e+04 eV
         Threshold: 0.000e+00 eV
UPDATED: 2025-12-23 15:30:27
COLUMNS: Energy (eV) | Cross section (m2)
--------------------------------------------------
 1.000000e-01	2.789419e-21
 1.080225e-01	2.941247e-21
 1.166886e-01	3.101418e-21
 1.260499e-01	3.270409e-21
 1.361622e-01	3.448729e-21
 1.470858e-01	3.636925e-21
 1.588857e-01	3.835579e-21
 1.716323e-01	4.045319e-21
 1.854015e-01	4.266822e-21
 2.002753e-01	4.500819e-21
 2.163424e-01	4.748104e-21
 2.336984e-01	5.009542e-21
 2.524468e-01	5.286080e-21
 2.726993e-01	5.578761e-21
 2.945766e-01	5.888740e-21
 3.182089e-01	6.217302e-21
 3.437372e-01	6.565888e-21
 3.713134e-01	6.936120e-21
 4.011020e-01	7.329842e-21
 4.332803e-01	7.749160e-21
 4.680401e-01	8.196497e-21
 5.055886e-01	8.674660e-21
 5.461493e-01	9.186917e-21
 5.899641e-01	9.737101e-21
 6.372938e-01	1.032973e-20
 6.884206e-01	1.097015e-20
 7.436491e-01	1.166473e-20
 8.033082e-01	1.242105e-20
 8.677534e-01	1.324821e-20
 9.373688e-01	1.415708e-20
 1.012569e+00	1.516071e-20
 1.093802e+00	1.627475e-20
 1.181552e+00	1.751788e-20
 1.276342e+00	1.891236e-20
 1.378737e+00	2.048457e-20
 1.489345e+00	2.226543e-20
 1.608828e+00	2.429082e-20
 1.737896e+00	2.660165e-20
 1.877318e+00	2.924356e-20
 2.027926e+00	3.226576e-20
 2.190616e+00	3.571896e-20
 2.366358e+00	3.965169e-20
 2.556198e+00	4.410475e-20
 2.761269e+00	4.910348e-20
 2.982791e+00	5.464776e-20
 3.222085e+00	6.070040e-20
 3.480576e+00	6.717534e-20
 3.759805e+00	7.392796e-20
 4.061434e+00	8.075118e-20
 4.387262e+00	8.738173e-20
 4.739230e+00	9.352082e-20
 5.119434e+00	9.887192e-20
 5.530139e+00	1.031926e-19
 5.973794e+00	1.063485e-19
 6.453040e+00	1.083481e-19
 6.970734e+00	1.093383e-19
 7.529960e+00	1.095565e-19
 8.134050e+00	1.092623e-19
 8.786603e+00	1.086784e-19
 9.491507e+00	1.079618e-19
 1.025296e+01	1.072037e-19
 1.107550e+01	1.064462e-19
 1.196403e+01	1.057012e-19
 1.292385e+01	1.049661e-19
 1.396066e+01	1.042333e-19
 1.508065e+01	1.034951e-19
 1.629049e+01	1.027460e-19
 1.759740e+01	1.019828e-19
 1.900914e+01	1.012046e-19
 2.053415e+01	1.004118e-19
 2.218150e+01	9.960575e-20
 2.396100e+01	9.878857e-20
 2.588327e+01	9.796244e-20
 2.795975e+01	9.712960e-20
 3.020282e+01	9.629218e-20
 3.262584e+01	9.545211e-20
 3.524324e+01	9.461109e-20
 3.807062e+01	9.377061e-20
 4.112483e+01	9.293192e-20
 4.442406e+01	9.209609e-20
 4.798797e+01	9.126398e-20
 5.183780e+01	9.043632e-20
 5.599648e+01	8.961370e-20
 6.048879e+01	8.879659e-20
 6.534149e+01	8.798537e-20
 7.058350e+01	8.718034e-20
 7.624605e+01	8.638173e-20
 8.236288e+01	8.558973e-20
 8.897042e+01	8.480447e-20
 9.610806e+01	8.402607e-20
 1.038183e+02	8.325461e-20
 1.121471e+02	8.249015e-20
 1.211441e+02	8.173273e-20
 1.308629e+02	8.098239e-20
 1.413613e+02	8.023916e-20
 1.527020e+02	7.950307e-20
 1.649525e+02	7.877413e-20
 1.781858e+02	7.805238e-20
 1.924807e+02	7.733784e-20
 2.079224e+02	7.663055e-20
 2.246030e+02	7.593056e-20
 2.426217e+02	7.523791e-20
 2.620860e+02	7.455268e-20
 2.831118e+02	7.387495e-20
 3.058244e+02	7.320483e-20
 3.303591e+02	7.254242e-20
 3.568621e+02	7.188789e-20
 3.854913e+02	7.124139e-20
 4.164173e+02	7.060315e-20
 4.498243e+02	6.997339e-20
 4.859114e+02	6.935240e-20
 5.248935e+02	6.874050e-20
 5.670030e+02	6.813808e-20
 6.124908e+02	6.754557e-20
 6.616277e+02	6.696349e-20
 7.147067e+02	6.639241e-20
 7.720439e+02	6.583301e-20
 8.339810e+02	6.528607e-20
 9.008870e+02	6.475246e-20
 9.731605e+02	6.423320e-20
 1.051232e+03	6.372944e-20
 1.135567e+03	6.324251e-20
 1.226668e+03	6.277391e-20
 1.325077e+03	6.232535e-20
 1.431381e+03	6.189879e-20
 1.546213e+03	6.149642e-20
 1.670258e+03	6.112077e-20
 1.804254e+03	6.077467e-20
 1.949000e+03	6.046131e-20
 2.105358e+03	6.018430e-20
 2.274260e+03	5.994768e-20
 2.456712e+03	5.975597e-20
 2.653802e+03	5.961419e-20
 2.866703e+03	5.952788e-20
 3.096683e+03	5.950314e-20
 3.345114e+03	5.954655e-20
 3.613475e+03	5.966518e-20
 3.903366e+03	5.986646e-20
 4.216513e+03	6.015799e-20
 4.554782e+03	6.054730e-20
 4.920188e+03	6.104145e-20
 5.314910e+03	6.164650e-20
 5.741297e+03	6.236675e-20
 6.201892e+03	6.320380e-20
 6.699438e+03	6.415545e-20
 7.236899e+03	6.521429e-20
 7.817478e+03	6.636635e-20
 8.444634e+03	6.758975e-20
 9.122103e+03	6.885368e-20
 9.853922e+03	7.011818e-20
 1.064445e+04	7.133479e-20
 1.149840e+04	7.244877e-20
 1.242086e+04	7.340265e-20
 1.341732e+04	7.414102e-20
 1.449372e+04	7.461599e-20
 1.565648e+04	7.479226e-20
 1.691252e+04	7.465085e-20
 1.826932e+04	7.419077e-20
 1.973497e+04	7.342821e-20
 2.131821e+04	7.239370e-20
 2.302846e+04	7.112788e-20
 2.487591e+04	6.967681e-20
 2.687158e+04	6.808762e-20
 2.902734e+04	6.640505e-20
 3.135606e+04	6.466914e-20
 3.387159e+04	6.291393e-20
 3.658893e+04	6.116710e-20
 3.952428e+04	5.945016e-20
 4.269510e+04	5.777911e-20
 4.612031e+04	5.616520e-20
 4.982030e+04	5.461576e-20
 5.381713e+04	5.313506e-20
 5.813460e+04	5.172494e-20
 6.279844e+04	5.038549e-20
 6.783643e+04	4.911545e-20
 7.327860e+04	4.791268e-20
 7.915736e+04	4.677442e-20
 8.550775e+04	4.569755e-20
 9.236759e+04	4.467872e-20
 9.977777e+04	4.371452e-20
 1.077824e+05	4.280154e-20
 1.164292e+05	4.193646e-20
 1.257698e+05	4.111607e-20
 1.358596e+05	4.033731e-20
 1.467589e+05	3.959728e-20
 1.585326e+05	3.889326e-20
 1.712509e+05	3.822268e-20
 1.849895e+05	3.758315e-20
 1.998302e+05	3.697247e-20
 2.158616e+05	3.638856e-20
 2.331790e+05	3.582952e-20
 2.518858e+05	3.529356e-20
 2.720933e+05	3.477906e-20
 2.939219e+05	3.428449e-20
 3.175017e+05	3.380847e-20
 3.429733e+05	3.334970e-20
 3.704882e+05	3.290700e-20
 4.002106e+05	3.247925e-20
 4.323174e+05	3.206546e-20
 4.670000e+05	3.166469e-20
--------------------------------------------------
====================================================================================================
