-----------------------------
5.623410e-01  6.100e-19
7.498940e-01  6.000e-19
1.000000e+00  5.850e-19
1.333521e+00  5.730e-19
1.778279e+00  5.700e-19
2.371373e+00  5.550e-19
3.162277e+00  5.400e-19
4.216965e+00  5.300e-19
5.623413e+00  5.150e-19
7.498942e+00  5.000e-19
1.000000e+01  4.870e-19
1.333521e+01  4.770e-19
1.778279e+01  4.630e-19
2.371373e+01  4.500e-19
3.162277e+01  4.370e-19
4.216965e+01  4.230e-19
5.623413e+01  4.100e-19
7.498942e+01  3.970e-19
1.000000e+02  3.800e-19
1.333521e+02  3.690e-19
1.778279e+02  3.530e-19
2.371373e+02  3.400e-19
3.162277e+02  3.260e-19
4.216965e+02  3.100e-19
5.623413e+02  2.970e-19
7.498942e+02  2.800e-19
1.000000e+03  2.670e-19
1.333521e+03  2.500e-19
1.778279e+03  2.340e-19
2.371373e+03  2.180e-19
3.162277e+03  2.040e-19
4.216965e+03  1.870e-19
5.623413e+03  1.720e-19
7.498942e+03  1.560e-19
1.000000e+04  1.390e-19
-----------------------------

xxxxxxxxxxxxxxxxxxxxxxxxxxxxxxxxxxxxxxxxxxxxxxxxxxxxxxxxxxxxxxxxxxxxxxxxxxxxxxxxxxxxxxxxxxxxxxxxxxxxxxxxxxxxxxxxxxxxxxxx