-----------------------------
 1.575900e+1	0.000000e+0
 1.600000e+1	2.023000e-22
 1.700000e+1	1.337000e-21
 1.800000e+1	2.938000e-21
 1.900000e+1	4.601000e-21
 2.000000e+1	6.272000e-21
 2.100000e+1	7.873000e-21
 2.200000e+1	9.325000e-21
 2.300000e+1	1.056000e-20
 2.400000e+1	1.179000e-20
 2.500000e+1	1.302000e-20
 2.600000e+1	1.408000e-20
 2.800000e+1	1.601000e-20
 3.000000e+1	1.803000e-20
 3.200000e+1	1.962000e-20
 3.400000e+1	2.111000e-20
 3.600000e+1	2.243000e-20
 3.800000e+1	2.331000e-20
 4.000000e+1	2.393000e-20
 4.250000e+1	2.446000e-20
 4.500000e+1	2.490000e-20
 5.000000e+1	2.534000e-20
 5.500000e+1	2.595000e-20
 6.000000e+1	2.657000e-20
 6.500000e+1	2.727000e-20
 7.000000e+1	2.771000e-20
 7.500000e+1	2.815000e-20
 8.000000e+1	2.841000e-20
 8.500000e+1	2.850000e-20
 9.000000e+1	2.859000e-20
 1.000000e+2	2.850000e-20
 1.150000e+2	2.824000e-20
 1.300000e+2	2.762000e-20
 1.450000e+2	2.709000e-20
 1.600000e+2	2.622000e-20
 1.800000e+2	2.516000e-20
 2.000000e+2	2.393000e-20
 4.000000e+2	1.690000e-20
 7.000000e+2	1.170000e-20
 1.000000e+3	9.270000e-21
  1.500000e+3    6.921000e-21
  2.000000e+3    5.583000e-21
  3.000000e+3    4.092000e-21
  5.000000e+3    2.735000e-21
  1.000000e+4    1.557000e-21
  2.000000e+4    8.735000e-22
  5.000000e+4    3.995000e-22
  1.000000e+5    2.188000e-22
-----------------------------
xxxxxxxxxxxxxxxxxxxxxxxxxxxxxxxxxxxxxxxxxxxxxxxxxxxxxxxxxxxxxxxxxxxxxxxxxxxxxxxxxxxxxxxxxxxxxxxxxxxxxxxxxxxxxxxxxxxxxxxx