 time npart_H2 npart_H2(f) npart_H2* npart_H2+ npart_H3+ npart_H npart_e xmom_H2 ymom_H2 zmom_H2 xmom_H2(f) ymom_H2(f) zmom_H2(f) xmom_H2* ymom_H2* zmom_H2* xmom_H2+ ymom_H2+ zmom_H2+ xmom_H3+ ymom_H3+ zmom_H3+ xmom_H ymom_H zmom_H xmom_e ymom_e zmom_e totxmom totymom totzmom ek_H2 ek_H2(f) ek_H2* ek_H2+ ek_H3+ ek_H ek_e totei eepart_H2 eepart_H2(f) eepart_H2* eepart_H2+ eepart_H3+ eepart_H eepart_e toteefield tote fieldpower coilcurrent nreact_1 nreact_2 nreact_3 nreact_4 nreact_5 nreact_6 nreact_7 nreact_8 nreact_9 nreact_10 nreact_11 nreact_12 nreact_13 nreact_14 nreact_15 nreact_16 nreact_17 nreact_18 V_cathode I_tot_cathode I_ion_cathode I_elec_cathode I_see_cathode
  0.000000E+00  0.000000E+00  0.000000E+00  0.000000E+00  0.000000E+00  0.000000E+00  0.000000E+00  3.397890E+05  0.000000E+00  0.000000E+00  0.000000E+00  0.000000E+00  0.000000E+00  0.000000E+00  0.000000E+00  0.000000E+00  0.000000E+00  0.000000E+00  0.000000E+00  0.000000E+00  0.000000E+00  0.000000E+00  0.000000E+00  0.000000E+00  0.000000E+00  0.000000E+00 -3.655614E-17  3.095138E-20  3.095138E-20 -3.655614E-17  3.095138E-20  3.095138E-20  0.000000E+00  0.000000E+00  0.000000E+00  0.000000E+00  0.000000E+00  0.000000E+00  2.710904E-09  0.000000E+00  0.000000E+00  0.000000E+00  0.000000E+00  0.000000E+00  0.000000E+00  0.000000E+00  3.083627E-05  4.563372E-04  4.563399E-04  0.000000E+00  1.500000E+00  0.000000E+00  0.000000E+00  0.000000E+00  0.000000E+00  0.000000E+00  0.000000E+00  0.000000E+00  0.000000E+00  0.000000E+00  0.000000E+00  0.000000E+00  0.000000E+00  0.000000E+00  0.000000E+00  0.000000E+00  0.000000E+00  0.000000E+00  0.000000E+00 -3.000000E+04  0.000000E+00  0.000000E+00  0.000000E+00  0.000000E+00
  1.000000E-10  9.800000E+01  0.000000E+00  0.000000E+00  4.500000E+01  0.000000E+00  0.000000E+00  3.394580E+05  2.251866E-17  1.468930E-19  3.975276E-18  0.000000E+00  0.000000E+00  0.000000E+00  0.000000E+00  0.000000E+00  0.000000E+00  2.462895E-17  4.122895E-18  4.967227E-18  0.000000E+00  0.000000E+00  0.000000E+00  0.000000E+00  0.000000E+00  0.000000E+00  6.658441E-14  2.628837E-15  3.050958E-19  6.663156E-14  2.633107E-15  9.247599E-18  8.266510E-14  0.000000E+00  0.000000E+00  5.023490E-14  0.000000E+00  0.000000E+00  1.464605E-07  3.953072E-11  0.000000E+00  0.000000E+00  0.000000E+00 -5.212778E-09  0.000000E+00  0.000000E+00  3.075571E-05  4.563367E-04  4.564832E-04  0.000000E+00  1.500000E+00  9.800000E+01  1.800000E+01  0.000000E+00  0.000000E+00  0.000000E+00  0.000000E+00  0.000000E+00  0.000000E+00  0.000000E+00  0.000000E+00  0.000000E+00  0.000000E+00  0.000000E+00  0.000000E+00  0.000000E+00  0.000000E+00  0.000000E+00  0.000000E+00 -3.000000E+04 -2.082830E-05  0.000000E+00 -2.082830E-05  0.000000E+00
  2.000000E-10  8.100000E+01  0.000000E+00  0.000000E+00  4.320000E+02  0.000000E+00  0.000000E+00  3.389100E+05  2.733932E-17  1.984391E-18  3.926998E-18  0.000000E+00  0.000000E+00  0.000000E+00  0.000000E+00  0.000000E+00  0.000000E+00  1.863381E-16  6.163435E-18  2.486526E-17  0.000000E+00  0.000000E+00  0.000000E+00  0.000000E+00  0.000000E+00  0.000000E+00  1.323044E-13  5.283385E-15 -7.464471E-18  1.325181E-13  5.291533E-15  2.132779E-17  9.080564E-14  0.000000E+00  0.000000E+00  5.979772E-13  0.000000E+00  0.000000E+00  5.684004E-07  2.916840E-10  0.000000E+00  0.000000E+00  0.000000E+00 -4.930371E-08  0.000000E+00  0.000000E+00  3.058064E-05  4.563365E-04  4.569052E-04  0.000000E+00  1.500000E+00  8.100000E+01  4.700000E+01  0.000000E+00  0.000000E+00  0.000000E+00  0.000000E+00  0.000000E+00  0.000000E+00  0.000000E+00  0.000000E+00  0.000000E+00  0.000000E+00  0.000000E+00  0.000000E+00  0.000000E+00  0.000000E+00  0.000000E+00  0.000000E+00 -3.000000E+04 -3.685006E-05  0.000000E+00 -3.685006E-05  0.000000E+00
  3.000000E-10  6.500000E+01  0.000000E+00  0.000000E+00  1.029000E+03  0.000000E+00  0.000000E+00  3.381000E+05  3.316052E-17  3.916893E-18  6.250226E-18  0.000000E+00  0.000000E+00  0.000000E+00  0.000000E+00  0.000000E+00  0.000000E+00  4.977514E-16  2.778960E-20  2.245548E-17  0.000000E+00  0.000000E+00  0.000000E+00  0.000000E+00  0.000000E+00  0.000000E+00  1.967778E-13  7.965771E-15 -2.752801E-18  1.973087E-13  7.969716E-15  2.595290E-17  1.242200E-13  0.000000E+00  0.000000E+00  2.201467E-12  0.000000E+00  0.000000E+00  1.251195E-06  1.218518E-09  0.000000E+00  0.000000E+00  0.000000E+00 -1.201460E-07  0.000000E+00  0.000000E+00  3.030700E-05  4.563352E-04  4.575876E-04  0.000000E+00  1.500000E+00  6.500000E+01  6.100000E+01  0.000000E+00  0.000000E+00  0.000000E+00  0.000000E+00  0.000000E+00  0.000000E+00  0.000000E+00  0.000000E+00  0.000000E+00  0.000000E+00  0.000000E+00  0.000000E+00  0.000000E+00  0.000000E+00  0.000000E+00  0.000000E+00 -3.000000E+04 -4.646312E-05  0.000000E+00 -4.646312E-05  0.000000E+00
  4.000000E-10  7.200000E+01  0.000000E+00  0.000000E+00  1.680000E+03  0.000000E+00  0.000000E+00  3.368540E+05  3.110942E-17 -8.598087E-19  5.926358E-19  0.000000E+00  0.000000E+00  0.000000E+00  0.000000E+00  0.000000E+00  0.000000E+00  8.016742E-16  1.567296E-17  1.264311E-17  0.000000E+00  0.000000E+00  0.000000E+00  0.000000E+00  0.000000E+00  0.000000E+00  2.597295E-13  1.063089E-14  1.651855E-17  2.605623E-13  1.064570E-14  2.975429E-17  1.087694E-13  0.000000E+00  0.000000E+00  4.777815E-12  0.000000E+00  0.000000E+00  2.176581E-06  2.990388E-09  0.000000E+00  0.000000E+00  0.000000E+00 -1.969797E-07  0.000000E+00  0.000000E+00  2.993288E-05  4.563346E-04  4.585142E-04  0.000000E+00  1.500000E+00  7.200000E+01  7.400000E+01  0.000000E+00  0.000000E+00  0.000000E+00  0.000000E+00  0.000000E+00  0.000000E+00  0.000000E+00  0.000000E+00  0.000000E+00  0.000000E+00  0.000000E+00  0.000000E+00  0.000000E+00  0.000000E+00  0.000000E+00  0.000000E+00 -3.000000E+04 -5.928054E-05  0.000000E+00 -5.928054E-05  0.000000E+00
  5.000000E-10  6.400000E+01  0.000000E+00  0.000000E+00  2.373000E+03  0.000000E+00  0.000000E+00  3.353690E+05  3.133436E-17  1.026460E-17 -4.402518E-18  0.000000E+00  0.000000E+00  0.000000E+00  0.000000E+00  0.000000E+00  0.000000E+00  1.131228E-15  1.740209E-17  1.063201E-17  0.000000E+00  0.000000E+00  0.000000E+00  0.000000E+00  0.000000E+00  0.000000E+00  3.208720E-13  1.316817E-14  2.561294E-18  3.220346E-13  1.319583E-14  8.790782E-18  1.962492E-13  0.000000E+00  0.000000E+00  8.941988E-12  0.000000E+00  0.000000E+00  3.325602E-06  5.808331E-09  0.000000E+00  0.000000E+00  0.000000E+00 -2.768082E-07  0.000000E+00  0.000000E+00  2.946030E-05  4.563323E-04  4.596637E-04  0.000000E+00  1.500000E+00  6.400000E+01  7.400000E+01  0.000000E+00  0.000000E+00  0.000000E+00  0.000000E+00  0.000000E+00  0.000000E+00  0.000000E+00  0.000000E+00  0.000000E+00  0.000000E+00  0.000000E+00  0.000000E+00  0.000000E+00  0.000000E+00  0.000000E+00  0.000000E+00 -3.000000E+04 -7.209795E-05  0.000000E+00 -7.209795E-05  0.000000E+00
  6.000000E-10  7.100000E+01  0.000000E+00  0.000000E+00  3.095000E+03  0.000000E+00  0.000000E+00  3.335850E+05  5.774768E-17 -3.773801E-18 -1.536003E-18  0.000000E+00  0.000000E+00  0.000000E+00  0.000000E+00  0.000000E+00  0.000000E+00  1.508165E-15  6.122436E-17 -2.923198E-17  0.000000E+00  0.000000E+00  0.000000E+00  0.000000E+00  0.000000E+00  0.000000E+00  3.797557E-13  1.557258E-14  4.214288E-17  3.813216E-13  1.563003E-14  1.137490E-17  2.991199E-13  0.000000E+00  0.000000E+00  1.520248E-11  0.000000E+00  0.000000E+00  4.677120E-06  1.010431E-08  0.000000E+00  0.000000E+00  0.000000E+00 -3.616127E-07  0.000000E+00  0.000000E+00  2.891853E-05  4.563281E-04  4.610153E-04  0.000000E+00  1.500000E+00  7.100000E+01  7.900000E+01  0.000000E+00  0.000000E+00  0.000000E+00  0.000000E+00  0.000000E+00  0.000000E+00  0.000000E+00  0.000000E+00  0.000000E+00  0.000000E+00  0.000000E+00  0.000000E+00  0.000000E+00  0.000000E+00  0.000000E+00  0.000000E+00 -3.000000E+04 -8.331318E-05  0.000000E+00 -8.331318E-05  0.000000E+00
  7.000000E-10  6.500000E+01  0.000000E+00  0.000000E+00  3.837000E+03  0.000000E+00  0.000000E+00  3.312270E+05  3.778152E-17 -2.859177E-19  6.355908E-18  0.000000E+00  0.000000E+00  0.000000E+00  0.000000E+00  0.000000E+00  0.000000E+00  1.813160E-15  4.759492E-17 -7.154589E-17  0.000000E+00  0.000000E+00  0.000000E+00  0.000000E+00  0.000000E+00  0.000000E+00  4.361139E-13  1.801137E-14  8.583903E-17  4.379648E-13  1.805868E-14  2.064905E-17  2.268005E-13  0.000000E+00  0.000000E+00  2.339250E-11  0.000000E+00  0.000000E+00  6.207848E-06  1.585847E-08  0.000000E+00  0.000000E+00  0.000000E+00 -4.478764E-07  0.000000E+00  0.000000E+00  2.823160E-05  4.563073E-04  4.625311E-04  0.000000E+00  1.500000E+00  6.500000E+01  8.700000E+01  0.000000E+00  0.000000E+00  0.000000E+00  0.000000E+00  0.000000E+00  0.000000E+00  0.000000E+00  0.000000E+00  0.000000E+00  0.000000E+00  0.000000E+00  0.000000E+00  0.000000E+00  0.000000E+00  0.000000E+00  0.000000E+00 -3.000000E+04 -9.132407E-05  0.000000E+00 -9.132407E-05  0.000000E+00
  8.000000E-10  6.100000E+01  0.000000E+00  0.000000E+00  4.643000E+03  0.000000E+00  0.000000E+00  3.285880E+05  5.344492E-17 -2.662662E-18  1.986072E-19  0.000000E+00  0.000000E+00  0.000000E+00  0.000000E+00  0.000000E+00  0.000000E+00  2.257009E-15  1.315846E-16 -9.780534E-17  0.000000E+00  0.000000E+00  0.000000E+00  0.000000E+00  0.000000E+00  0.000000E+00  4.897333E-13  2.017047E-14  8.850843E-17  4.920437E-13  2.029939E-14 -9.098305E-18  3.366922E-13  0.000000E+00  0.000000E+00  3.550276E-11  0.000000E+00  0.000000E+00  7.899214E-06  2.412893E-08  0.000000E+00  0.000000E+00  0.000000E+00 -5.396042E-07  0.000000E+00  0.000000E+00  2.743773E-05  4.563118E-04  4.642352E-04  0.000000E+00  1.500000E+00  6.100000E+01  6.800000E+01  0.000000E+00  0.000000E+00  0.000000E+00  0.000000E+00  0.000000E+00  0.000000E+00  0.000000E+00  0.000000E+00  0.000000E+00  0.000000E+00  0.000000E+00  0.000000E+00  0.000000E+00  0.000000E+00  0.000000E+00  0.000000E+00 -3.000000E+04 -9.933495E-05  0.000000E+00 -9.933495E-05  0.000000E+00
  9.000000E-10  6.400000E+01  0.000000E+00  0.000000E+00  5.424000E+03  1.000000E+00  0.000000E+00  3.256510E+05  5.942620E-17  7.614542E-18  2.826992E-18  0.000000E+00  0.000000E+00  0.000000E+00  0.000000E+00  0.000000E+00  0.000000E+00  2.683667E-15  1.600099E-16 -1.117091E-16 -1.270692E-18  3.001811E-19 -1.038821E-18  0.000000E+00  0.000000E+00  0.000000E+00  5.402337E-13  2.218042E-14  4.558299E-17  5.429755E-13  2.234835E-14 -6.433792E-17  3.961050E-13  0.000000E+00  0.000000E+00  5.062484E-11  2.772273E-15  0.000000E+00  9.720806E-06  3.457062E-08  0.000000E+00  0.000000E+00  0.000000E+00 -6.214829E-07 -1.452208E-10  0.000000E+00  2.655311E-05  4.563008E-04  4.660562E-04  0.000000E+00  1.500000E+00  6.400000E+01  6.400000E+01  0.000000E+00  0.000000E+00  0.000000E+00  0.000000E+00  0.000000E+00  0.000000E+00  0.000000E+00  0.000000E+00  0.000000E+00  0.000000E+00  0.000000E+00  0.000000E+00  0.000000E+00  0.000000E+00  0.000000E+00  0.000000E+00 -3.000000E+04 -1.073458E-04  0.000000E+00 -1.073458E-04  0.000000E+00
  1.000000E-09  7.200000E+01  0.000000E+00  0.000000E+00  6.268000E+03  1.000000E+00  0.000000E+00  3.222550E+05  7.216122E-17  2.087211E-17  1.130589E-17  0.000000E+00  0.000000E+00  0.000000E+00  0.000000E+00  0.000000E+00  0.000000E+00  3.099462E-15  2.138232E-16 -8.312696E-17 -1.661448E-18  3.004374E-19 -1.038816E-18  0.000000E+00  0.000000E+00  0.000000E+00  5.873483E-13  2.391598E-14  2.278307E-17  5.905183E-13  2.415098E-14 -5.007681E-17  6.041965E-13  0.000000E+00  0.000000E+00  6.952779E-11  3.913374E-15  0.000000E+00  1.164418E-05  4.798181E-08  0.000000E+00  0.000000E+00  0.000000E+00 -7.069761E-07 -1.451016E-10  0.000000E+00  2.559783E-05  4.562778E-04  4.679700E-04  0.000000E+00  1.500000E+00  7.200000E+01  1.010000E+02  0.000000E+00  0.000000E+00  0.000000E+00  0.000000E+00  0.000000E+00  0.000000E+00  0.000000E+00  0.000000E+00  0.000000E+00  0.000000E+00  0.000000E+00  0.000000E+00  0.000000E+00  0.000000E+00  0.000000E+00  0.000000E+00 -3.000000E+04 -1.137545E-04  0.000000E+00 -1.137545E-04  0.000000E+00
  1.100000E-09  4.600000E+01  0.000000E+00  0.000000E+00  7.075000E+03  1.000000E+00  0.000000E+00  3.194990E+05  2.979777E-17  5.928724E-18  6.130790E-18  0.000000E+00  0.000000E+00  0.000000E+00  0.000000E+00  0.000000E+00  0.000000E+00  3.486121E-15  2.077826E-16 -7.003859E-17 -2.052081E-18  3.005655E-19 -1.038811E-18  0.000000E+00  0.000000E+00  0.000000E+00  6.308570E-13  2.563207E-14 -3.892315E-17  6.343708E-13  2.584609E-14 -1.038698E-16  2.375746E-13  0.000000E+00  0.000000E+00  9.271774E-11  5.358002E-15  0.000000E+00  1.364042E-05  6.322616E-08  0.000000E+00  0.000000E+00  0.000000E+00 -7.902322E-07 -1.450497E-10  0.000000E+00  2.455971E-05  4.562684E-04  4.699722E-04  0.000000E+00  1.500000E+00  4.600000E+01  7.000000E+01  0.000000E+00  0.000000E+00  0.000000E+00  0.000000E+00  0.000000E+00  0.000000E+00  0.000000E+00  0.000000E+00  0.000000E+00  0.000000E+00  0.000000E+00  0.000000E+00  0.000000E+00  0.000000E+00  0.000000E+00  0.000000E+00 -3.000000E+04 -1.217654E-04  0.000000E+00 -1.217654E-04  0.000000E+00
  1.200000E-09  5.800000E+01  0.000000E+00  0.000000E+00  7.892000E+03  1.000000E+00  0.000000E+00  3.159470E+05  5.717978E-17  9.604821E-18  5.272111E-18  0.000000E+00  0.000000E+00  0.000000E+00  0.000000E+00  0.000000E+00  0.000000E+00  3.796163E-15  2.966683E-16 -4.971434E-17 -2.442577E-18  3.004829E-19 -1.038806E-18  0.000000E+00  0.000000E+00  0.000000E+00  6.700606E-13  2.690360E-14 -1.926828E-17  6.739115E-13  2.721018E-14 -6.474932E-17  6.338341E-13  0.000000E+00  0.000000E+00  1.204609E-10  7.105747E-15  0.000000E+00  1.566509E-05  8.079596E-08  0.000000E+00  0.000000E+00  0.000000E+00 -8.701039E-07 -1.449337E-10  0.000000E+00  2.346064E-05  4.562473E-04  4.719933E-04  0.000000E+00  1.500000E+00  5.800000E+01  9.600000E+01  0.000000E+00  0.000000E+00  0.000000E+00  0.000000E+00  0.000000E+00  0.000000E+00  0.000000E+00  0.000000E+00  0.000000E+00  0.000000E+00  0.000000E+00  0.000000E+00  0.000000E+00  0.000000E+00  0.000000E+00  0.000000E+00 -3.000000E+04 -1.313785E-04  0.000000E+00 -1.313785E-04  0.000000E+00
  1.300000E-09  7.200000E+01  0.000000E+00  0.000000E+00  8.691000E+03  1.000000E+00  0.000000E+00  3.119650E+05  4.726378E-17  2.387057E-18  1.584932E-18  0.000000E+00  0.000000E+00  0.000000E+00  0.000000E+00  0.000000E+00  0.000000E+00  4.027979E-15  2.687295E-16 -3.024812E-17 -2.832863E-18  3.001353E-19 -1.038800E-18  0.000000E+00  0.000000E+00  0.000000E+00  7.042223E-13  2.793090E-14 -1.857702E-17  7.082947E-13  2.820231E-14 -4.827901E-17  4.280369E-13  0.000000E+00  0.000000E+00  1.517397E-10  9.155845E-15  0.000000E+00  1.766456E-05  1.008074E-07  0.000000E+00  0.000000E+00  0.000000E+00 -9.405455E-07 -1.447896E-10  0.000000E+00  2.228583E-05  4.562237E-04  4.739892E-04  0.000000E+00  1.500000E+00  7.200000E+01  8.100000E+01  0.000000E+00  0.000000E+00  0.000000E+00  0.000000E+00  0.000000E+00  0.000000E+00  0.000000E+00  0.000000E+00  0.000000E+00  0.000000E+00  0.000000E+00  0.000000E+00  0.000000E+00  0.000000E+00  0.000000E+00  0.000000E+00 -3.000000E+04 -1.393894E-04  0.000000E+00 -1.393894E-04  0.000000E+00
  1.400000E-09  5.400000E+01  0.000000E+00  0.000000E+00  9.509000E+03  3.000000E+00  0.000000E+00  3.071730E+05  4.355617E-17 -4.099671E-18  5.201798E-18  0.000000E+00  0.000000E+00  0.000000E+00  0.000000E+00  0.000000E+00  0.000000E+00  4.141760E-15  3.577219E-16  2.919481E-17 -4.806436E-18 -5.441914E-18 -8.873954E-20  0.000000E+00  0.000000E+00  0.000000E+00  7.326030E-13  2.823896E-14 -2.920908E-17  7.367835E-13  2.858714E-14  5.098793E-18  4.503959E-13  0.000000E+00  0.000000E+00  1.866870E-10  5.736786E-14  0.000000E+00  1.958213E-05  1.237363E-07  0.000000E+00  0.000000E+00  0.000000E+00 -1.010984E-06 -2.363543E-10  0.000000E+00  2.101869E-05  4.562009E-04  4.759070E-04  0.000000E+00  1.500000E+00  5.400000E+01  7.200000E+01  0.000000E+00  0.000000E+00  0.000000E+00  0.000000E+00  0.000000E+00  0.000000E+00  0.000000E+00  0.000000E+00  0.000000E+00  0.000000E+00  0.000000E+00  0.000000E+00  0.000000E+00  0.000000E+00  0.000000E+00  0.000000E+00 -3.000000E+04 -1.474003E-04  0.000000E+00 -1.474003E-04  0.000000E+00
  1.500000E-09  7.500000E+01  0.000000E+00  0.000000E+00  1.024000E+04  4.000000E+00  0.000000E+00  3.010530E+05  8.967703E-17  1.081135E-17 -7.153821E-18  0.000000E+00  0.000000E+00  0.000000E+00  0.000000E+00  0.000000E+00  0.000000E+00  3.833065E-15  4.660182E-16  8.740189E-17 -3.653002E-18  9.621230E-19 -2.241462E-19  0.000000E+00  0.000000E+00  0.000000E+00  7.540352E-13  2.777829E-14 -8.944871E-17  7.579543E-13  2.825608E-14 -9.424781E-18  9.837728E-13  0.000000E+00  0.000000E+00  2.210077E-10  1.088704E-13  0.000000E+00  2.134804E-05  1.454384E-07  0.000000E+00  0.000000E+00  0.000000E+00 -1.075603E-06 -3.251249E-10  0.000000E+00  1.964672E-05  4.561684E-04  4.776621E-04  0.000000E+00  1.500000E+00  7.500000E+01  7.500000E+01  0.000000E+00  0.000000E+00  0.000000E+00  0.000000E+00  0.000000E+00  0.000000E+00  0.000000E+00  0.000000E+00  0.000000E+00  0.000000E+00  0.000000E+00  0.000000E+00  0.000000E+00  0.000000E+00  0.000000E+00  0.000000E+00 -3.000000E+04 -1.538090E-04  0.000000E+00 -1.538090E-04  0.000000E+00
  1.600000E-09  5.800000E+01  0.000000E+00  0.000000E+00  1.103100E+04  6.000000E+00  0.000000E+00  2.933040E+05  4.315169E-17 -4.619414E-18 -8.471106E-18  0.000000E+00  0.000000E+00  0.000000E+00  0.000000E+00  0.000000E+00  0.000000E+00  3.893200E-15  5.536143E-16  9.511432E-18 -4.375988E-18  3.059909E-18 -3.671769E-18  0.000000E+00  0.000000E+00  0.000000E+00  7.669201E-13  2.668127E-14 -1.101125E-17  7.708521E-13  2.723333E-14 -1.364269E-17  4.356537E-13  0.000000E+00  0.000000E+00  2.652602E-10  1.817084E-13  0.000000E+00  2.288324E-05  1.732729E-07  0.000000E+00  0.000000E+00  0.000000E+00 -1.135465E-06 -3.971365E-10  0.000000E+00  1.817772E-05  4.561468E-04  4.792036E-04  0.000000E+00  1.500000E+00  5.800000E+01  7.700000E+01  0.000000E+00  0.000000E+00  0.000000E+00  0.000000E+00  0.000000E+00  0.000000E+00  0.000000E+00  0.000000E+00  0.000000E+00  0.000000E+00  0.000000E+00  0.000000E+00  0.000000E+00  0.000000E+00  0.000000E+00  0.000000E+00 -3.000000E+04 -1.570133E-04  0.000000E+00 -1.570133E-04  0.000000E+00
  1.700000E-09  5.300000E+01  0.000000E+00  0.000000E+00  1.175500E+04  6.000000E+00  0.000000E+00  2.855410E+05  2.481372E-17  8.251880E-18 -3.774054E-18  0.000000E+00  0.000000E+00  0.000000E+00  0.000000E+00  0.000000E+00  0.000000E+00  3.507530E-15  6.332111E-16 -7.831057E-18 -6.727212E-18  3.146604E-18 -3.671758E-18  0.000000E+00  0.000000E+00  0.000000E+00  7.694641E-13  2.501329E-14  8.516471E-19  7.729897E-13  2.565790E-14 -1.442522E-17  2.020523E-13  0.000000E+00  0.000000E+00  3.099689E-10  1.868874E-13  0.000000E+00  2.407781E-05  2.004299E-07  0.000000E+00  0.000000E+00  0.000000E+00 -1.187824E-06 -3.962036E-10  0.000000E+00  1.663022E-05  4.561168E-04  4.803954E-04  0.000000E+00  1.500000E+00  5.300000E+01  6.400000E+01  0.000000E+00  0.000000E+00  0.000000E+00  0.000000E+00  0.000000E+00  0.000000E+00  0.000000E+00  0.000000E+00  0.000000E+00  0.000000E+00  0.000000E+00  0.000000E+00  0.000000E+00  0.000000E+00  0.000000E+00  0.000000E+00 -3.000000E+04 -1.586155E-04  0.000000E+00 -1.586155E-04  0.000000E+00
  1.800000E-09  6.500000E+01  0.000000E+00  0.000000E+00  1.252200E+04  7.000000E+00  0.000000E+00  2.754750E+05  3.126934E-17  1.433675E-18 -1.428071E-17  0.000000E+00  0.000000E+00  0.000000E+00  0.000000E+00  0.000000E+00  0.000000E+00  3.393354E-15  7.350793E-16  1.178664E-16 -6.939517E-18  4.750948E-18 -2.587882E-18  0.000000E+00  0.000000E+00  0.000000E+00  7.550665E-13  2.261439E-14 -7.573864E-17  7.584841E-13  2.335565E-14  2.525920E-17  4.487163E-13  0.000000E+00  0.000000E+00  3.648418E-10  2.019375E-13  0.000000E+00  2.470303E-05  2.315691E-07  0.000000E+00  0.000000E+00  0.000000E+00 -1.234701E-06 -5.895375E-10  0.000000E+00  1.484487E-05  4.560953E-04  4.810303E-04  0.000000E+00  1.500000E+00  6.500000E+01  7.200000E+01  0.000000E+00  0.000000E+00  0.000000E+00  0.000000E+00  0.000000E+00  0.000000E+00  0.000000E+00  0.000000E+00  0.000000E+00  0.000000E+00  0.000000E+00  0.000000E+00  0.000000E+00  0.000000E+00  0.000000E+00  0.000000E+00 -3.000000E+04 -1.618198E-04  0.000000E+00 -1.618198E-04  0.000000E+00
  1.900000E-09  5.100000E+01  0.000000E+00  0.000000E+00  1.324200E+04  9.000000E+00  0.000000E+00  2.657850E+05  7.562782E-18  8.313249E-18 -1.547033E-18  0.000000E+00  0.000000E+00  0.000000E+00  0.000000E+00  0.000000E+00  0.000000E+00  2.949321E-15  9.343627E-16  1.329032E-16 -6.848386E-18  5.664350E-18 -2.019284E-18  0.000000E+00  0.000000E+00  0.000000E+00  7.319394E-13  2.108177E-14 -7.394035E-17  7.348895E-13  2.203011E-14  5.539649E-17  1.277371E-13  0.000000E+00  0.000000E+00  4.203317E-10  2.459769E-13  0.000000E+00  2.486927E-05  2.639483E-07  0.000000E+00  0.000000E+00  0.000000E+00 -1.277067E-06 -6.137753E-10  0.000000E+00  1.321399E-05  4.560787E-04  4.812123E-04  0.000000E+00  1.500000E+00  5.100000E+01  6.200000E+01  0.000000E+00  0.000000E+00  0.000000E+00  0.000000E+00  0.000000E+00  0.000000E+00  0.000000E+00  0.000000E+00  0.000000E+00  0.000000E+00  0.000000E+00  0.000000E+00  0.000000E+00  0.000000E+00  0.000000E+00  0.000000E+00 -3.000000E+04 -1.634220E-04  0.000000E+00 -1.634220E-04  0.000000E+00
  2.000000E-09  5.800000E+01  0.000000E+00  0.000000E+00  1.393500E+04  9.000000E+00  0.000000E+00  2.562900E+05  4.507338E-17 -5.538790E-18  2.461692E-17  0.000000E+00  0.000000E+00  0.000000E+00  0.000000E+00  0.000000E+00  0.000000E+00  2.162287E-15  1.017224E-15  1.709232E-16 -1.011323E-17  5.476486E-18 -2.019277E-18  0.000000E+00  0.000000E+00  0.000000E+00  6.993649E-13  2.033352E-14 -1.476293E-16  7.015621E-13  2.135068E-14  4.589157E-17  6.316826E-13  0.000000E+00  0.000000E+00  4.756061E-10  2.561578E-13  0.000000E+00  2.439122E-05  2.968801E-07  0.000000E+00  0.000000E+00  0.000000E+00 -1.321450E-06 -6.125922E-10  0.000000E+00  1.190117E-05  4.560634E-04  4.807520E-04  0.000000E+00  1.500000E+00  5.800000E+01  8.400000E+01  0.000000E+00  0.000000E+00  0.000000E+00  0.000000E+00  0.000000E+00  0.000000E+00  0.000000E+00  0.000000E+00  0.000000E+00  0.000000E+00  0.000000E+00  0.000000E+00  0.000000E+00  0.000000E+00  0.000000E+00  0.000000E+00 -3.000000E+04 -1.666264E-04  0.000000E+00 -1.666264E-04  0.000000E+00
  2.100000E-09  5.500000E+01  0.000000E+00  0.000000E+00  1.455700E+04  1.000000E+01  0.000000E+00  2.482570E+05  3.236341E-17 -3.107023E-18  2.866039E-18  0.000000E+00  0.000000E+00  0.000000E+00  0.000000E+00  0.000000E+00  0.000000E+00  1.071792E-15  1.200906E-15  1.806631E-16 -1.326211E-17  7.466992E-18 -3.034870E-19  0.000000E+00  0.000000E+00  0.000000E+00  6.734383E-13  1.966096E-14 -7.966304E-17  6.745292E-13  2.086622E-14  1.035626E-16  2.519937E-13  0.000000E+00  0.000000E+00  5.333396E-10  2.765954E-13  0.000000E+00  2.394306E-05  3.264895E-07  0.000000E+00  0.000000E+00  0.000000E+00 -1.355424E-06 -6.963148E-10  0.000000E+00  1.091301E-05  4.560549E-04  4.803250E-04  0.000000E+00  1.500000E+00  5.500000E+01  6.300000E+01  0.000000E+00  0.000000E+00  0.000000E+00  0.000000E+00  0.000000E+00  0.000000E+00  0.000000E+00  0.000000E+00  0.000000E+00  0.000000E+00  0.000000E+00  0.000000E+00  0.000000E+00  0.000000E+00  0.000000E+00  0.000000E+00 -3.000000E+04 -1.730351E-04  0.000000E+00 -1.730351E-04  0.000000E+00
  2.200000E-09  5.500000E+01  0.000000E+00  0.000000E+00  1.510300E+04  1.000000E+01  0.000000E+00  2.418750E+05  2.176845E-17  1.200343E-18 -6.038589E-18  0.000000E+00  0.000000E+00  0.000000E+00  0.000000E+00  0.000000E+00  0.000000E+00 -3.090167E-16  1.118697E-15  2.182162E-16 -1.691118E-17  7.274575E-18 -3.035056E-19  0.000000E+00  0.000000E+00  0.000000E+00  6.550203E-13  1.956162E-14 -1.684273E-16  6.547161E-13  2.068879E-14  4.344673E-17  3.357346E-13  0.000000E+00  0.000000E+00  5.922739E-10  2.920063E-13  0.000000E+00  2.366464E-05  3.530453E-07  0.000000E+00  0.000000E+00  0.000000E+00 -1.385632E-06 -6.955519E-10  0.000000E+00  1.015026E-05  4.560493E-04  4.800676E-04  0.000000E+00  1.500000E+00  5.500000E+01  4.900000E+01  0.000000E+00  0.000000E+00  0.000000E+00  0.000000E+00  0.000000E+00  0.000000E+00  0.000000E+00  0.000000E+00  0.000000E+00  0.000000E+00  0.000000E+00  0.000000E+00  0.000000E+00  0.000000E+00  0.000000E+00  0.000000E+00 -3.000000E+04 -1.730351E-04  0.000000E+00 -1.730351E-04  0.000000E+00
  2.300000E-09  5.600000E+01  1.000000E+00  0.000000E+00  1.569500E+04  1.300000E+01  0.000000E+00  2.304580E+05  3.398876E-17  9.784346E-18 -4.497816E-18 -5.913467E-18 -7.067251E-19  5.940145E-19  0.000000E+00  0.000000E+00  0.000000E+00 -1.511873E-15  1.124162E-15  2.488690E-16 -2.561861E-17  4.156186E-18 -1.534678E-18  0.000000E+00  0.000000E+00  0.000000E+00  6.024282E-13  2.282065E-14 -2.015056E-16  6.009188E-13  2.395805E-14  4.192493E-17  4.466124E-13  5.351270E-14  0.000000E+00  6.586401E-10  3.461928E-13  0.000000E+00  2.230858E-05  3.841611E-07  0.000000E+00  0.000000E+00  0.000000E+00 -1.411640E-06 -8.833423E-10  0.000000E+00  9.536892E-06  4.560465E-04  4.787399E-04  0.000000E+00  1.500000E+00  5.600000E+01  6.400000E+01  0.000000E+00  0.000000E+00  0.000000E+00  1.000000E+00  0.000000E+00  0.000000E+00  0.000000E+00  0.000000E+00  0.000000E+00  0.000000E+00  0.000000E+00  0.000000E+00  0.000000E+00  0.000000E+00  0.000000E+00  0.000000E+00 -3.000000E+04 -1.762394E-04  0.000000E+00 -1.762394E-04  0.000000E+00
  2.400000E-09  6.500000E+01  1.000000E+00  0.000000E+00  1.624900E+04  1.300000E+01  0.000000E+00  2.196720E+05  2.102532E-17 -2.412163E-18  4.979053E-18 -8.237203E-18 -2.815801E-20 -8.273684E-19  0.000000E+00  0.000000E+00  0.000000E+00 -3.069242E-15  1.162082E-15  3.088553E-16 -2.997639E-17  4.029120E-18 -1.534718E-18  0.000000E+00  0.000000E+00  0.000000E+00  5.475932E-13  2.556137E-14 -2.585788E-16  5.445068E-13  2.672504E-14  5.289352E-17  2.389506E-13  1.023855E-13  0.000000E+00  7.254057E-10  3.719124E-13  0.000000E+00  2.062742E-05  4.127950E-07  0.000000E+00  0.000000E+00  0.000000E+00 -1.439993E-06 -8.829440E-10  0.000000E+00  9.040825E-06  4.560451E-04  4.770861E-04  0.000000E+00  1.500000E+00  6.500000E+01  4.700000E+01  0.000000E+00  0.000000E+00  0.000000E+00  1.000000E+00  0.000000E+00  0.000000E+00  0.000000E+00  0.000000E+00  0.000000E+00  0.000000E+00  0.000000E+00  0.000000E+00  0.000000E+00  0.000000E+00  0.000000E+00  0.000000E+00 -3.000000E+04 -1.810460E-04  0.000000E+00 -1.810460E-04  0.000000E+00
  2.500000E-09  5.300000E+01  0.000000E+00  0.000000E+00  1.666600E+04  1.400000E+01  0.000000E+00  2.100270E+05  3.686256E-17  2.356943E-18 -2.152867E-18  0.000000E+00  0.000000E+00  0.000000E+00  0.000000E+00  0.000000E+00  0.000000E+00 -5.242695E-15  1.256070E-15  3.153390E-16 -4.186479E-17  2.524342E-18 -2.031898E-18  0.000000E+00  0.000000E+00  0.000000E+00  4.962204E-13  2.801938E-14 -2.244790E-16  4.909727E-13  2.928033E-14  8.667522E-17  3.695032E-13  0.000000E+00  0.000000E+00  7.870669E-10  4.596668E-13  0.000000E+00  1.883482E-05  4.352289E-07  0.000000E+00  0.000000E+00  0.000000E+00 -1.461759E-06 -9.115729E-10  0.000000E+00  8.612697E-06  4.560436E-04  4.753145E-04  0.000000E+00  1.500000E+00  5.300000E+01  4.500000E+01  0.000000E+00  0.000000E+00  0.000000E+00  0.000000E+00  0.000000E+00  0.000000E+00  0.000000E+00  0.000000E+00  0.000000E+00  0.000000E+00  0.000000E+00  0.000000E+00  0.000000E+00  0.000000E+00  0.000000E+00  0.000000E+00 -3.000000E+04 -1.858525E-04  0.000000E+00 -1.858525E-04  0.000000E+00
  2.600000E-09  4.200000E+01  0.000000E+00  0.000000E+00  1.704700E+04  1.500000E+01  0.000000E+00  2.007810E+05  1.854806E-17  3.093723E-18 -1.137104E-17  0.000000E+00  0.000000E+00  0.000000E+00  0.000000E+00  0.000000E+00  0.000000E+00 -7.808434E-15  1.344342E-15  2.325681E-16 -4.971190E-17  1.134818E-18 -7.665945E-19  0.000000E+00  0.000000E+00  0.000000E+00  4.435335E-13  3.031496E-14 -8.981473E-17  4.356939E-13  3.166353E-14  1.306157E-16  2.995595E-13  0.000000E+00  0.000000E+00  8.465179E-10  5.114847E-13  0.000000E+00  1.680659E-05  4.562061E-07  0.000000E+00  0.000000E+00  0.000000E+00 -1.480786E-06 -1.085880E-09  0.000000E+00  8.249524E-06  4.560425E-04  4.733061E-04  0.000000E+00  1.500000E+00  4.200000E+01  3.300000E+01  0.000000E+00  0.000000E+00  0.000000E+00  0.000000E+00  0.000000E+00  0.000000E+00  0.000000E+00  0.000000E+00  0.000000E+00  0.000000E+00  0.000000E+00  0.000000E+00  0.000000E+00  0.000000E+00  0.000000E+00  0.000000E+00 -3.000000E+04 -1.906590E-04  0.000000E+00 -1.906590E-04  0.000000E+00
  2.700000E-09  6.200000E+01  0.000000E+00  0.000000E+00  1.742100E+04  1.500000E+01  0.000000E+00  1.914340E+05  1.368878E-17  7.399485E-18 -1.349542E-19  0.000000E+00  0.000000E+00  0.000000E+00  0.000000E+00  0.000000E+00  0.000000E+00 -1.046506E-14  1.474694E-15  2.133190E-16 -5.488073E-17  9.178475E-19 -7.666252E-19  0.000000E+00  0.000000E+00  0.000000E+00  3.857403E-13  3.256619E-14 -5.617222E-17  3.752340E-13  3.404920E-14  1.562452E-16  1.241798E-13  0.000000E+00  0.000000E+00  9.081656E-10  5.572857E-13  0.000000E+00  1.442176E-05  4.741831E-07  0.000000E+00  0.000000E+00  0.000000E+00 -1.504728E-06 -1.085699E-09  0.000000E+00  7.908340E-06  4.560418E-04  4.709386E-04  0.000000E+00  1.500000E+00  6.200000E+01  3.000000E+01  0.000000E+00  0.000000E+00  0.000000E+00  0.000000E+00  0.000000E+00  0.000000E+00  0.000000E+00  0.000000E+00  0.000000E+00  0.000000E+00  0.000000E+00  0.000000E+00  0.000000E+00  0.000000E+00  0.000000E+00  0.000000E+00 -3.000000E+04 -1.938634E-04  0.000000E+00 -1.938634E-04  0.000000E+00
  2.800000E-09  4.200000E+01  1.000000E+00  0.000000E+00  1.776900E+04  1.700000E+01  1.000000E+00  1.828370E+05  8.024828E-18  7.918639E-18  6.008554E-18  1.408247E-17 -1.532428E-19  1.212227E-18  0.000000E+00  0.000000E+00  0.000000E+00 -1.333631E-14  1.603230E-15  1.966532E-16 -7.182874E-17  6.797312E-18 -3.928468E-18 -8.846561E-19 -3.199378E-19 -1.232095E-18  3.302007E-13  3.346055E-14 -7.575969E-17  3.168138E-13  3.507802E-14  1.229537E-16  1.418868E-13  2.984894E-13  0.000000E+00  9.705488E-10  7.238917E-13  7.177524E-15  1.201730E-05  4.896452E-07  0.000000E+00  0.000000E+00  0.000000E+00 -1.526105E-06 -1.240599E-09  0.000000E+00  7.617352E-06  4.560427E-04  4.685506E-04  0.000000E+00  1.500000E+00  4.200000E+01  4.000000E+01  0.000000E+00  0.000000E+00  1.000000E+00  1.000000E+00  0.000000E+00  0.000000E+00  0.000000E+00  0.000000E+00  0.000000E+00  0.000000E+00  0.000000E+00  0.000000E+00  0.000000E+00  0.000000E+00  0.000000E+00  0.000000E+00 -3.000000E+04 -1.954655E-04  0.000000E+00 -1.954655E-04  0.000000E+00
  2.900000E-09  4.600000E+01  1.000000E+00  0.000000E+00  1.809500E+04  1.900000E+01  0.000000E+00  1.765090E+05  3.104126E-17  9.881932E-18 -3.471482E-18  1.408247E-17 -1.532284E-19  1.212229E-18  0.000000E+00  0.000000E+00  0.000000E+00 -1.639112E-14  1.645568E-15  2.292974E-16 -7.553909E-17  7.891751E-18 -1.674786E-18  0.000000E+00  0.000000E+00  0.000000E+00  2.986514E-13  3.364500E-14 -8.797056E-17  2.822299E-13  3.530819E-14  1.373928E-16  3.463522E-13  2.984894E-13  0.000000E+00  1.033760E-09  7.968766E-13  0.000000E+00  1.066513E-05  5.029742E-07  0.000000E+00  0.000000E+00  0.000000E+00 -1.546695E-06 -1.244514E-09  0.000000E+00  7.323375E-06  4.560430E-04  4.672121E-04  0.000000E+00  1.500000E+00  4.600000E+01  3.800000E+01  0.000000E+00  0.000000E+00  0.000000E+00  0.000000E+00  0.000000E+00  0.000000E+00  0.000000E+00  0.000000E+00  0.000000E+00  0.000000E+00  0.000000E+00  0.000000E+00  0.000000E+00  0.000000E+00  0.000000E+00  0.000000E+00 -3.000000E+04 -1.954655E-04  0.000000E+00 -1.954655E-04  0.000000E+00
  3.000000E-09  6.600000E+01  1.000000E+00  0.000000E+00  1.840600E+04  2.100000E+01  0.000000E+00  1.714340E+05  1.567034E-17  5.043571E-18  8.999071E-19  1.408247E-17 -1.532140E-19  1.212231E-18  0.000000E+00  0.000000E+00  0.000000E+00 -1.943611E-14  1.727391E-15  1.409378E-16 -9.240460E-17  8.127284E-18  4.341410E-18  0.000000E+00  0.000000E+00  0.000000E+00  2.887468E-13  3.398574E-14 -5.954935E-17  2.692481E-13  3.572615E-14  8.784196E-17  1.413999E-13  2.984894E-13  0.000000E+00  1.103106E-09  9.667832E-13  0.000000E+00  1.030285E-05  5.180108E-07  0.000000E+00  0.000000E+00  0.000000E+00 -1.565295E-06 -1.435407E-09  0.000000E+00  7.057826E-06  4.560433E-04  4.668653E-04  0.000000E+00  1.500000E+00  6.600000E+01  2.800000E+01  0.000000E+00  0.000000E+00  0.000000E+00  0.000000E+00  0.000000E+00  0.000000E+00  0.000000E+00  0.000000E+00  0.000000E+00  0.000000E+00  0.000000E+00  0.000000E+00  0.000000E+00  0.000000E+00  0.000000E+00  0.000000E+00 -3.000000E+04 -1.954655E-04  0.000000E+00 -1.954655E-04  0.000000E+00
  3.100000E-09  3.700000E+01  1.000000E+00  0.000000E+00  1.867100E+04  2.500000E+01  0.000000E+00  1.672910E+05  1.857829E-17  5.481866E-18  4.400824E-18  1.408247E-17 -1.531997E-19  1.212233E-18  0.000000E+00  0.000000E+00  0.000000E+00 -2.291621E-14  1.856984E-15  1.515062E-16 -1.050602E-16  7.507426E-18  3.704354E-18  0.000000E+00  0.000000E+00  0.000000E+00  2.857379E-13  3.411469E-14 -1.027900E-16  2.627493E-13  3.598451E-14  5.803366E-17  1.431417E-13  2.984894E-13  0.000000E+00  1.169141E-09  1.081565E-12  0.000000E+00  1.025958E-05  5.288792E-07  0.000000E+00  0.000000E+00  0.000000E+00 -1.582989E-06 -2.052625E-09  0.000000E+00  6.780964E-06  4.560429E-04  4.668325E-04  0.000000E+00  1.500000E+00  3.700000E+01  3.200000E+01  0.000000E+00  0.000000E+00  0.000000E+00  0.000000E+00  0.000000E+00  0.000000E+00  0.000000E+00  0.000000E+00  0.000000E+00  0.000000E+00  0.000000E+00  0.000000E+00  0.000000E+00  0.000000E+00  0.000000E+00  0.000000E+00 -3.000000E+04 -1.970677E-04  0.000000E+00 -1.970677E-04  0.000000E+00
  3.200000E-09  5.800000E+01  1.000000E+00  0.000000E+00  1.896700E+04  2.600000E+01  0.000000E+00  1.640010E+05  1.183692E-17  8.285000E-19  2.017831E-18  1.408247E-17 -1.531853E-19  1.212235E-18  0.000000E+00  0.000000E+00  0.000000E+00 -2.610026E-14  1.969770E-15  8.686764E-17 -1.166607E-16  6.914538E-18  5.794180E-18  0.000000E+00  0.000000E+00  0.000000E+00  2.829206E-13  3.423422E-14 -6.934456E-17  2.567296E-13  3.621158E-14  2.654733E-17  7.381788E-14  2.984894E-13  0.000000E+00  1.246692E-09  1.190872E-12  0.000000E+00  1.023388E-05  5.419633E-07  0.000000E+00  0.000000E+00  0.000000E+00 -1.601424E-06 -2.228097E-09  0.000000E+00  6.526867E-06  4.560394E-04  4.668165E-04  0.000000E+00  1.500000E+00  5.800000E+01  2.900000E+01  0.000000E+00  0.000000E+00  0.000000E+00  0.000000E+00  0.000000E+00  0.000000E+00  0.000000E+00  0.000000E+00  0.000000E+00  0.000000E+00  0.000000E+00  0.000000E+00  0.000000E+00  0.000000E+00  0.000000E+00  0.000000E+00 -3.000000E+04 -1.970677E-04  0.000000E+00 -1.970677E-04  0.000000E+00
  3.300000E-09  4.600000E+01  1.000000E+00  0.000000E+00  1.924500E+04  2.600000E+01  0.000000E+00  1.614260E+05  5.413502E-18  5.049103E-18 -2.409635E-18  1.408247E-17 -1.531710E-19  1.212236E-18  0.000000E+00  0.000000E+00  0.000000E+00 -2.935885E-14  1.956867E-15 -4.536024E-18 -1.246410E-16  6.661555E-18  5.794235E-18  0.000000E+00  0.000000E+00  0.000000E+00  2.792897E-13  3.437766E-14  9.685806E-17  2.498257E-13  3.634608E-14  9.691887E-17  3.309093E-14  2.984894E-13  0.000000E+00  1.328383E-09  1.288721E-12  0.000000E+00  1.018281E-05  5.533939E-07  0.000000E+00  0.000000E+00  0.000000E+00 -1.618084E-06 -2.227749E-09  0.000000E+00  6.267885E-06  4.560366E-04  4.667742E-04  0.000000E+00  1.500000E+00  4.600000E+01  2.500000E+01  0.000000E+00  0.000000E+00  0.000000E+00  0.000000E+00  0.000000E+00  0.000000E+00  0.000000E+00  0.000000E+00  0.000000E+00  0.000000E+00  0.000000E+00  0.000000E+00  0.000000E+00  0.000000E+00  0.000000E+00  0.000000E+00 -3.000000E+04 -2.002721E-04  0.000000E+00 -2.002721E-04  0.000000E+00
  3.400000E-09  3.300000E+01  3.000000E+00  0.000000E+00  1.951000E+04  2.800000E+01  1.000000E+00  1.588150E+05 -6.391292E-19  4.876807E-18 -9.151599E-19 -6.865447E-18  4.088758E-18  1.030343E-18  0.000000E+00  0.000000E+00  0.000000E+00 -3.275287E-14  1.937721E-15 -4.928686E-17 -1.382436E-16  1.582544E-17  5.780939E-18 -8.332631E-19  1.095076E-18  6.612222E-20  2.757280E-13  3.425393E-14  1.487407E-16  2.428286E-13  3.621754E-14  1.054161E-16  2.971536E-14  6.572751E-13  0.000000E+00  1.411199E-09  1.460945E-12  5.668730E-15  1.013655E-05  5.658756E-07  0.000000E+00  0.000000E+00  0.000000E+00 -1.631705E-06 -2.308952E-09  0.000000E+00  6.009305E-06  4.560352E-04  4.667391E-04  0.000000E+00  1.500000E+00  3.300000E+01  2.100000E+01  0.000000E+00  0.000000E+00  1.000000E+00  1.000000E+00  0.000000E+00  0.000000E+00  0.000000E+00  0.000000E+00  0.000000E+00  0.000000E+00  0.000000E+00  0.000000E+00  0.000000E+00  0.000000E+00  0.000000E+00  0.000000E+00 -3.000000E+04 -2.002721E-04  0.000000E+00 -2.002721E-04  0.000000E+00
  3.500000E-09  5.300000E+01  2.000000E+00  0.000000E+00  1.978700E+04  3.000000E+01  1.000000E+00  1.563270E+05  4.966298E-18  5.284339E-18  1.234879E-18  2.870012E-18 -3.398239E-19  1.188371E-18  0.000000E+00  0.000000E+00  0.000000E+00 -3.619074E-14  2.051697E-15 -7.210315E-17 -1.352102E-16  1.471690E-17 -6.418697E-19  1.340609E-18 -2.401723E-18 -2.816616E-18  2.703981E-13  3.374088E-14  1.812253E-16  2.340813E-13  3.580984E-14  1.080869E-16  7.616243E-14  4.863510E-13  0.000000E+00  1.500628E-09  1.695156E-12  4.629281E-14  1.001179E-05  5.787318E-07  0.000000E+00  0.000000E+00  0.000000E+00 -1.648354E-06 -2.309928E-09  0.000000E+00  5.762954E-06  4.560322E-04  4.666242E-04  0.000000E+00  1.500000E+00  5.300000E+01  2.900000E+01  0.000000E+00  0.000000E+00  1.000000E+00  0.000000E+00  0.000000E+00  0.000000E+00  0.000000E+00  0.000000E+00  0.000000E+00  0.000000E+00  0.000000E+00  0.000000E+00  0.000000E+00  0.000000E+00  0.000000E+00  0.000000E+00 -3.000000E+04 -2.018743E-04  0.000000E+00 -2.018743E-04  0.000000E+00
  3.600000E-09  4.500000E+01  2.000000E+00  0.000000E+00  2.003700E+04  3.000000E+01  0.000000E+00  1.535570E+05  1.017862E-17  6.121351E-18 -5.489062E-18  2.870012E-18 -3.398095E-19  1.188373E-18  0.000000E+00  0.000000E+00  0.000000E+00 -3.977379E-14  2.103500E-15 -2.853962E-17 -1.440301E-16  1.457156E-17 -6.418391E-19  0.000000E+00  0.000000E+00  0.000000E+00  2.624811E-13  3.299991E-14  1.176134E-16  2.225763E-13  3.512376E-14  8.413121E-17  1.498137E-13  4.863510E-13  0.000000E+00  1.590902E-09  1.817642E-12  0.000000E+00  9.763637E-06  5.906745E-07  0.000000E+00  0.000000E+00  0.000000E+00 -1.662094E-06 -2.309665E-09  0.000000E+00  5.518765E-06  4.560277E-04  4.663836E-04  0.000000E+00  1.500000E+00  4.400000E+01  2.400000E+01  0.000000E+00  0.000000E+00  0.000000E+00  0.000000E+00  0.000000E+00  0.000000E+00  0.000000E+00  0.000000E+00  0.000000E+00  0.000000E+00  0.000000E+00  0.000000E+00  0.000000E+00  0.000000E+00  0.000000E+00  0.000000E+00 -3.000000E+04 -2.034764E-04  0.000000E+00 -2.034764E-04  0.000000E+00
  3.700000E-09  4.400000E+01  2.000000E+00  0.000000E+00  2.028100E+04  3.200000E+01  0.000000E+00  1.472700E+05  3.020539E-18  3.360654E-18  1.516844E-19  2.870012E-18 -3.397952E-19  1.188375E-18  0.000000E+00  0.000000E+00  0.000000E+00 -4.353669E-14  2.147595E-15 -2.808397E-17 -1.583838E-16  1.854789E-17 -1.119068E-18  0.000000E+00  0.000000E+00  0.000000E+00  2.226029E-13  2.842094E-14  8.636654E-17  1.789137E-13  3.059010E-14  5.850356E-17  6.381669E-14  4.863510E-13  0.000000E+00  1.683272E-09  2.036411E-12  0.000000E+00  8.206089E-06  5.988560E-07  0.000000E+00  0.000000E+00  0.000000E+00 -1.678201E-06 -2.345771E-09  0.000000E+00  5.285443E-06  4.560245E-04  4.648311E-04  0.000000E+00  1.500000E+00  4.400000E+01  1.700000E+01  0.000000E+00  0.000000E+00  0.000000E+00  0.000000E+00  0.000000E+00  0.000000E+00  0.000000E+00  0.000000E+00  0.000000E+00  0.000000E+00  0.000000E+00  0.000000E+00  0.000000E+00  0.000000E+00  0.000000E+00  0.000000E+00 -3.000000E+04 -2.050786E-04  0.000000E+00 -2.050786E-04  0.000000E+00
  3.800000E-09  6.300000E+01  4.000000E+00  0.000000E+00  2.049000E+04  3.500000E+01  1.000000E+00  1.410910E+05  1.319311E-17  1.323575E-17  9.589657E-18  2.758548E-17  4.878245E-18 -9.665946E-18  0.000000E+00  0.000000E+00  0.000000E+00 -4.734358E-14  2.231475E-15 -3.624869E-17 -1.719409E-16  1.962497E-17  4.879202E-18  9.352716E-19 -8.917813E-19  1.394723E-18  1.814946E-13  2.495778E-14  9.488255E-17  1.340208E-13  2.722610E-14  6.483150E-17  1.809763E-13  1.072584E-12  0.000000E+00  1.780842E-09  2.242478E-12  1.079826E-14  6.588180E-06  6.082649E-07  0.000000E+00  0.000000E+00  0.000000E+00 -1.692537E-06 -2.605258E-09  0.000000E+00  5.064204E-06  4.560221E-04  4.632203E-04  0.000000E+00  1.500000E+00  6.300000E+01  2.200000E+01  0.000000E+00  0.000000E+00  1.000000E+00  1.000000E+00  0.000000E+00  0.000000E+00  0.000000E+00  0.000000E+00  0.000000E+00  0.000000E+00  0.000000E+00  0.000000E+00  0.000000E+00  0.000000E+00  0.000000E+00  0.000000E+00 -3.000000E+04 -2.050786E-04  0.000000E+00 -2.050786E-04  0.000000E+00
  3.900000E-09  3.400000E+01  4.000000E+00  0.000000E+00  2.066400E+04  3.600000E+01  0.000000E+00  1.378390E+05  9.140260E-18  6.823507E-18 -4.518635E-18  2.758548E-17  4.880587E-18 -9.665781E-18  0.000000E+00  0.000000E+00  0.000000E+00 -5.133563E-14  2.302790E-15  2.430588E-17 -1.783634E-16  1.693292E-17  7.359921E-19  0.000000E+00  0.000000E+00  0.000000E+00  1.690868E-13  2.344453E-14  1.253642E-16  1.176095E-13  2.577595E-14  1.362217E-16  1.133805E-13  1.072584E-12  0.000000E+00  1.880417E-09  2.433915E-12  0.000000E+00  6.174285E-06  6.147621E-07  0.000000E+00  0.000000E+00  0.000000E+00 -1.706427E-06 -2.606811E-09  0.000000E+00  4.856986E-06  4.560182E-04  4.628092E-04  0.000000E+00  1.500000E+00  3.400000E+01  1.500000E+01  0.000000E+00  0.000000E+00  0.000000E+00  0.000000E+00  0.000000E+00  0.000000E+00  0.000000E+00  0.000000E+00  0.000000E+00  0.000000E+00  0.000000E+00  0.000000E+00  0.000000E+00  0.000000E+00  0.000000E+00  0.000000E+00 -3.000000E+04 -2.050786E-04  0.000000E+00 -2.050786E-04  0.000000E+00
  4.000000E-09  4.300000E+01  4.000000E+00  0.000000E+00  2.086400E+04  3.700000E+01  1.000000E+00  1.338300E+05  7.204921E-18 -1.277606E-18 -1.133531E-18  2.758548E-17  4.882929E-18 -9.665615E-18  0.000000E+00  0.000000E+00  0.000000E+00 -5.510644E-14  2.371245E-15  4.058552E-17 -1.801353E-16  1.706804E-17  2.625302E-18  3.879658E-18  1.629404E-18 -5.982449E-19  1.457328E-13  2.192180E-14  1.169748E-16  9.048492E-14  2.431535E-14  1.487882E-16  1.442216E-13  1.072584E-12  0.000000E+00  1.989753E-09  2.668934E-12  5.395639E-14  5.277407E-06  6.230353E-07  0.000000E+00  0.000000E+00  0.000000E+00 -1.717633E-06 -2.714044E-09  0.000000E+00  4.641526E-06  4.560183E-04  4.619207E-04  0.000000E+00  1.500000E+00  4.300000E+01  2.500000E+01  0.000000E+00  0.000000E+00  1.000000E+00  0.000000E+00  0.000000E+00  0.000000E+00  0.000000E+00  0.000000E+00  0.000000E+00  0.000000E+00  0.000000E+00  0.000000E+00  0.000000E+00  0.000000E+00  0.000000E+00  0.000000E+00 -3.000000E+04 -2.050786E-04  0.000000E+00 -2.050786E-04  0.000000E+00
  4.100000E-09  3.300000E+01  5.000000E+00  0.000000E+00  2.100900E+04  3.900000E+01  0.000000E+00  1.307480E+05  2.754048E-18  5.953224E-18  1.437098E-18  1.332495E-17  5.354130E-18 -9.559455E-18  0.000000E+00  0.000000E+00  0.000000E+00 -5.928909E-14  2.349428E-15  5.330529E-17 -1.845946E-16  1.373652E-17  8.047123E-18  0.000000E+00  0.000000E+00  0.000000E+00  1.306039E-13  2.074580E-14  4.376533E-17  7.114634E-14  2.312028E-14  9.699539E-17  3.717022E-14  1.376728E-12  0.000000E+00  2.095401E-09  2.904524E-12  0.000000E+00  4.700526E-06  6.285623E-07  0.000000E+00  0.000000E+00  0.000000E+00 -1.727980E-06 -2.722050E-09  0.000000E+00  4.429671E-06  4.560174E-04  4.613486E-04  0.000000E+00  1.500000E+00  3.300000E+01  1.800000E+01  0.000000E+00  0.000000E+00  0.000000E+00  0.000000E+00  0.000000E+00  0.000000E+00  0.000000E+00  0.000000E+00  0.000000E+00  0.000000E+00  0.000000E+00  0.000000E+00  0.000000E+00  0.000000E+00  0.000000E+00  0.000000E+00 -3.000000E+04 -2.066808E-04  0.000000E+00 -2.066808E-04  0.000000E+00
  4.200000E-09  3.700000E+01  6.000000E+00  0.000000E+00  2.115800E+04  4.100000E+01  0.000000E+00  1.281470E+05 -3.332981E-18  2.429643E-18 -3.823447E-18  2.937228E-18  6.416570E-18 -6.400429E-18  0.000000E+00  0.000000E+00  0.000000E+00 -6.352121E-14  2.406962E-15  7.010944E-17 -1.953087E-16  1.325446E-17  1.103097E-17  0.000000E+00  0.000000E+00  0.000000E+00  1.204785E-13  1.953230E-14  2.584734E-17  5.676156E-14  2.196136E-14  9.676388E-17  3.271513E-14  1.554509E-12  0.000000E+00  2.205729E-09  3.198202E-12  0.000000E+00  4.344616E-06  6.339007E-07  0.000000E+00  0.000000E+00  0.000000E+00 -1.739819E-06 -2.864886E-09  0.000000E+00  4.226345E-06  4.560163E-04  4.609970E-04  0.000000E+00  1.500000E+00  3.700000E+01  1.900000E+01  0.000000E+00  0.000000E+00  0.000000E+00  0.000000E+00  0.000000E+00  0.000000E+00  0.000000E+00  0.000000E+00  0.000000E+00  0.000000E+00  0.000000E+00  0.000000E+00  0.000000E+00  0.000000E+00  0.000000E+00  0.000000E+00 -3.000000E+04 -2.130895E-04  0.000000E+00 -2.130895E-04  0.000000E+00
  4.300000E-09  3.200000E+01  7.000000E+00  0.000000E+00  2.130400E+04  4.400000E+01  0.000000E+00  1.259340E+05  9.138245E-19  3.813756E-18  1.508701E-18 -9.196131E-18  4.955692E-18 -5.017831E-18  0.000000E+00  0.000000E+00  0.000000E+00 -6.759658E-14  2.429450E-15  9.360824E-17 -2.355207E-16  1.990231E-17  6.445704E-18  0.000000E+00  0.000000E+00  0.000000E+00  1.120314E-13  1.835373E-14  2.522095E-17  4.419106E-14  2.081185E-14  1.217658E-16  1.843520E-14  1.780489E-12  0.000000E+00  2.323878E-09  3.702697E-12  0.000000E+00  4.069134E-06  6.391738E-07  0.000000E+00  0.000000E+00  0.000000E+00 -1.749482E-06 -3.188341E-09  0.000000E+00  4.030342E-06  4.560158E-04  4.607264E-04  0.000000E+00  1.500000E+00  3.200000E+01  1.400000E+01  0.000000E+00  0.000000E+00  0.000000E+00  0.000000E+00  0.000000E+00  0.000000E+00  0.000000E+00  0.000000E+00  0.000000E+00  0.000000E+00  0.000000E+00  0.000000E+00  0.000000E+00  0.000000E+00  0.000000E+00  0.000000E+00 -3.000000E+04 -2.130895E-04  0.000000E+00 -2.130895E-04  0.000000E+00
  4.400000E-09  5.000000E+01  8.000000E+00  0.000000E+00  2.142500E+04  4.600000E+01  0.000000E+00  1.237950E+05  1.489056E-20  5.415344E-18 -2.187632E-18 -1.129800E-19 -4.091896E-18 -1.608737E-18  0.000000E+00  0.000000E+00  0.000000E+00 -7.193985E-14  2.394462E-15  5.449585E-17 -2.542432E-16  2.030479E-17  6.363001E-18  0.000000E+00  0.000000E+00  0.000000E+00  1.048870E-13  1.746813E-14  6.101768E-17  3.269282E-14  1.988422E-14  1.180802E-16  4.013120E-14  2.043451E-12  0.000000E+00  2.442117E-09  4.060495E-12  0.000000E+00  3.838494E-06  6.428459E-07  0.000000E+00  0.000000E+00  0.000000E+00 -1.758778E-06 -3.434589E-09  0.000000E+00  3.844022E-06  4.560145E-04  4.604983E-04  0.000000E+00  1.500000E+00  4.900000E+01  5.000000E+00  0.000000E+00  0.000000E+00  0.000000E+00  0.000000E+00  0.000000E+00  0.000000E+00  0.000000E+00  0.000000E+00  0.000000E+00  0.000000E+00  0.000000E+00  0.000000E+00  0.000000E+00  0.000000E+00  0.000000E+00  0.000000E+00 -3.000000E+04 -2.146917E-04  0.000000E+00 -2.146917E-04  0.000000E+00
  4.500000E-09  3.400000E+01  8.000000E+00  0.000000E+00  2.155300E+04  4.600000E+01  0.000000E+00  1.218850E+05  2.838434E-18 -1.865883E-18 -1.996009E-18 -1.129800E-19 -4.089274E-18 -1.608027E-18  0.000000E+00  0.000000E+00  0.000000E+00 -7.627475E-14  2.451105E-15  7.403369E-17 -2.670711E-16  2.015989E-17  6.362938E-18  0.000000E+00  0.000000E+00  0.000000E+00  9.795931E-14  1.660182E-14  7.570558E-18  2.142022E-14  1.906713E-14  8.436315E-17  2.752646E-14  2.043451E-12  0.000000E+00  2.567150E-09  4.290964E-12  0.000000E+00  3.618531E-06  6.474072E-07  0.000000E+00  0.000000E+00  0.000000E+00 -1.768855E-06 -3.434824E-09  0.000000E+00  3.658636E-06  4.560140E-04  4.602826E-04  0.000000E+00  1.500000E+00  3.400000E+01  5.000000E+00  0.000000E+00  0.000000E+00  0.000000E+00  0.000000E+00  0.000000E+00  0.000000E+00  0.000000E+00  0.000000E+00  0.000000E+00  0.000000E+00  0.000000E+00  0.000000E+00  0.000000E+00  0.000000E+00  0.000000E+00  0.000000E+00 -3.000000E+04 -2.146917E-04  0.000000E+00 -2.146917E-04  0.000000E+00
  4.600000E-09  4.700000E+01  8.000000E+00  0.000000E+00  2.164900E+04  4.900000E+01  0.000000E+00  1.197240E+05  1.002292E-17 -5.970882E-19  1.199081E-18 -1.129800E-19 -4.086651E-18 -1.607318E-18  0.000000E+00  0.000000E+00  0.000000E+00 -8.064173E-14  2.448912E-15  6.667429E-17 -3.114555E-16  1.289424E-17  7.473423E-18  0.000000E+00  0.000000E+00  0.000000E+00  9.139566E-14  1.592588E-14  5.966544E-17  1.045239E-14  1.838300E-14  1.334049E-16  5.339245E-14  2.043451E-12  0.000000E+00  2.695594E-09  4.972753E-12  0.000000E+00  3.398770E-06  6.520720E-07  0.000000E+00  0.000000E+00  0.000000E+00 -1.775319E-06 -3.863709E-09  0.000000E+00  3.481551E-06  4.560136E-04  4.600672E-04  0.000000E+00  1.500000E+00  4.700000E+01  1.300000E+01  0.000000E+00  0.000000E+00  0.000000E+00  0.000000E+00  0.000000E+00  0.000000E+00  0.000000E+00  0.000000E+00  0.000000E+00  0.000000E+00  0.000000E+00  0.000000E+00  0.000000E+00  0.000000E+00  0.000000E+00  0.000000E+00 -3.000000E+04 -2.162938E-04  0.000000E+00 -2.162938E-04  0.000000E+00
  4.700000E-09  3.900000E+01  1.100000E+01  0.000000E+00  2.175000E+04  4.900000E+01  0.000000E+00  1.173670E+05  3.418162E-18  1.533281E-18  6.908140E-19 -4.959447E-17 -5.644990E-18 -2.975895E-18  0.000000E+00  0.000000E+00  0.000000E+00 -8.503439E-14  2.424411E-15  6.886123E-17 -3.254062E-16  1.268371E-17  7.473405E-18  0.000000E+00  0.000000E+00  0.000000E+00  8.506166E-14  1.533070E-14  4.770505E-17 -3.443174E-16  1.776368E-14  1.217546E-16  3.797981E-14  3.278369E-12  0.000000E+00  2.828265E-09  5.246562E-12  0.000000E+00  3.166558E-06  6.559166E-07  0.000000E+00  0.000000E+00  0.000000E+00 -1.780819E-06 -3.863284E-09  0.000000E+00  3.317630E-06  4.560126E-04  4.598379E-04  0.000000E+00  1.500000E+00  3.900000E+01  1.000000E+01  0.000000E+00  0.000000E+00  0.000000E+00  0.000000E+00  0.000000E+00  0.000000E+00  0.000000E+00  0.000000E+00  0.000000E+00  0.000000E+00  0.000000E+00  0.000000E+00  0.000000E+00  0.000000E+00  0.000000E+00  0.000000E+00 -3.000000E+04 -2.178960E-04  0.000000E+00 -2.178960E-04  0.000000E+00
  4.800000E-09  4.700000E+01  1.100000E+01  0.000000E+00  2.183500E+04  5.000000E+01  1.000000E+00  1.148000E+05  6.336448E-18  2.387780E-18  8.011911E-18 -4.959447E-17 -5.642353E-18 -2.975177E-18  0.000000E+00  0.000000E+00  0.000000E+00 -8.961847E-14  2.425424E-15  5.845670E-17 -3.350174E-16  1.232886E-17  1.022068E-17  2.277444E-18 -3.785722E-19  5.264693E-19  7.867316E-14  1.469710E-14  6.669227E-17 -1.132130E-14  1.713122E-14  1.409329E-16  3.652263E-14  3.278369E-12  0.000000E+00  2.964600E-09  5.557108E-12  1.674802E-14  2.917190E-06  6.581305E-07  0.000000E+00  0.000000E+00  0.000000E+00 -1.787549E-06 -3.863824E-09  0.000000E+00  3.173068E-06  4.560116E-04  4.595899E-04  0.000000E+00  1.500000E+00  4.700000E+01  9.000000E+00  0.000000E+00  0.000000E+00  1.000000E+00  0.000000E+00  0.000000E+00  0.000000E+00  0.000000E+00  0.000000E+00  0.000000E+00  0.000000E+00  0.000000E+00  0.000000E+00  0.000000E+00  0.000000E+00  0.000000E+00  0.000000E+00 -3.000000E+04 -2.243047E-04  0.000000E+00 -2.243047E-04  0.000000E+00
  4.900000E-09  3.400000E+01  1.300000E+01  0.000000E+00  2.192400E+04  5.100000E+01  0.000000E+00  1.123150E+05  4.107400E-18 -1.970699E-19  1.447282E-18 -7.661063E-17 -1.072200E-17 -2.876300E-18  0.000000E+00  0.000000E+00  0.000000E+00 -9.414036E-14  2.463978E-15  7.256523E-17 -3.564989E-16  1.087894E-17  1.351280E-17  0.000000E+00  0.000000E+00  0.000000E+00  7.423801E-14  1.415459E-14  6.485235E-17 -2.033135E-14  1.661853E-14  1.495014E-16  2.881687E-14  3.853593E-12  0.000000E+00  3.106462E-09  5.920594E-12  0.000000E+00  2.758038E-06  6.612514E-07  0.000000E+00  0.000000E+00  0.000000E+00 -1.795051E-06 -4.013348E-09  0.000000E+00  3.042478E-06  4.560135E-04  4.594359E-04  0.000000E+00  1.500000E+00  3.400000E+01  1.800000E+01  0.000000E+00  0.000000E+00  0.000000E+00  0.000000E+00  0.000000E+00  0.000000E+00  0.000000E+00  0.000000E+00  0.000000E+00  0.000000E+00  0.000000E+00  0.000000E+00  0.000000E+00  0.000000E+00  0.000000E+00  0.000000E+00 -3.000000E+04 -2.243047E-04  0.000000E+00 -2.243047E-04  0.000000E+00
  5.000000E-09  4.100000E+01  1.300000E+01  0.000000E+00  2.200600E+04  5.100000E+01  0.000000E+00  1.100150E+05  8.184387E-18  5.047800E-19 -4.563092E-18 -7.661063E-17 -1.071935E-17 -2.875601E-18  0.000000E+00  0.000000E+00  0.000000E+00 -9.872784E-14  2.460838E-15  7.751092E-17 -3.708348E-16  1.066803E-17  1.351280E-17  0.000000E+00  0.000000E+00  0.000000E+00  7.008903E-14  1.361064E-14  7.439501E-17 -2.907807E-14  1.607193E-14  1.579800E-16  1.495928E-13  3.853593E-12  0.000000E+00  3.252442E-09  6.231695E-12  0.000000E+00  2.608008E-06  6.645566E-07  0.000000E+00  0.000000E+00  0.000000E+00 -1.800396E-06 -4.012842E-09  0.000000E+00  2.921824E-06  4.560113E-04  4.592871E-04  0.000000E+00  1.500000E+00  4.100000E+01  9.000000E+00  0.000000E+00  0.000000E+00  0.000000E+00  0.000000E+00  0.000000E+00  0.000000E+00  0.000000E+00  0.000000E+00  0.000000E+00  0.000000E+00  0.000000E+00  0.000000E+00  0.000000E+00  0.000000E+00  0.000000E+00  0.000000E+00 -3.000000E+04 -2.275091E-04  0.000000E+00 -2.275091E-04  0.000000E+00
  5.100000E-09  2.900000E+01  1.300000E+01  0.000000E+00  2.208800E+04  5.100000E+01  0.000000E+00  1.076760E+05  6.135168E-18  7.685507E-18 -1.069906E-18 -7.661063E-17 -1.071670E-17 -2.874901E-18  0.000000E+00  0.000000E+00  0.000000E+00 -1.033427E-13  2.422983E-15  6.754559E-17 -3.851698E-16  1.045629E-17  1.351279E-17  0.000000E+00  0.000000E+00  0.000000E+00  6.667248E-14  1.317365E-14  5.937286E-17 -3.712583E-14  1.560405E-14  1.364864E-16  7.426629E-14  3.853593E-12  0.000000E+00  3.403936E-09  6.553530E-12  0.000000E+00  2.485581E-06  6.668874E-07  0.000000E+00  0.000000E+00  0.000000E+00 -1.806892E-06 -4.013075E-09  0.000000E+00  2.804417E-06  4.560124E-04  4.591682E-04  0.000000E+00  1.500000E+00  2.900000E+01  6.000000E+00  0.000000E+00  0.000000E+00  0.000000E+00  0.000000E+00  0.000000E+00  0.000000E+00  0.000000E+00  0.000000E+00  0.000000E+00  0.000000E+00  0.000000E+00  0.000000E+00  0.000000E+00  0.000000E+00  0.000000E+00  0.000000E+00 -3.000000E+04 -2.291113E-04  0.000000E+00 -2.291113E-04  0.000000E+00
  5.200000E-09  4.900000E+01  1.300000E+01  0.000000E+00  2.216900E+04  5.200000E+01  0.000000E+00  1.054570E+05  6.370173E-19  3.085086E-19  1.177979E-18 -7.661063E-17 -1.071405E-17 -2.874201E-18  0.000000E+00  0.000000E+00  0.000000E+00 -1.077928E-13  2.399344E-15  6.703981E-17 -4.133376E-16  1.143703E-17  1.918481E-17  0.000000E+00  0.000000E+00  0.000000E+00  6.298714E-14  1.281449E-14  8.288724E-17 -4.529494E-14  1.521486E-14  1.674156E-16  3.341351E-14  3.853593E-12  0.000000E+00  3.563756E-09  7.110122E-12  0.000000E+00  2.352821E-06  6.709492E-07  0.000000E+00  0.000000E+00  0.000000E+00 -1.813358E-06 -4.115295E-09  0.000000E+00  2.699206E-06  4.560119E-04  4.590393E-04  0.000000E+00  1.500000E+00  4.900000E+01  1.100000E+01  0.000000E+00  0.000000E+00  0.000000E+00  0.000000E+00  0.000000E+00  0.000000E+00  0.000000E+00  0.000000E+00  0.000000E+00  0.000000E+00  0.000000E+00  0.000000E+00  0.000000E+00  0.000000E+00  0.000000E+00  0.000000E+00 -3.000000E+04 -2.291113E-04  0.000000E+00 -2.291113E-04  0.000000E+00
  5.300000E-09  3.800000E+01  1.300000E+01  0.000000E+00  2.223700E+04  5.200000E+01  0.000000E+00  1.032420E+05  7.939594E-18  2.964497E-18 -1.466961E-18 -7.661063E-17 -1.071141E-17 -2.873499E-18  0.000000E+00  0.000000E+00  0.000000E+00 -1.123729E-13  2.361351E-15  7.772103E-17 -4.280628E-16  1.122814E-17  1.918478E-17  0.000000E+00  0.000000E+00  0.000000E+00  5.991313E-14  1.246221E-14  9.524646E-17 -5.295655E-14  1.482704E-14  1.878118E-16  1.305452E-13  3.853593E-12  0.000000E+00  3.727614E-09  7.464377E-12  0.000000E+00  2.241703E-06  6.745289E-07  0.000000E+00  0.000000E+00  0.000000E+00 -1.818293E-06 -4.115224E-09  0.000000E+00  2.597298E-06  4.560115E-04  4.589315E-04  0.000000E+00  1.500000E+00  3.800000E+01  1.700000E+01  0.000000E+00  0.000000E+00  0.000000E+00  0.000000E+00  0.000000E+00  0.000000E+00  0.000000E+00  0.000000E+00  0.000000E+00  0.000000E+00  0.000000E+00  0.000000E+00  0.000000E+00  0.000000E+00  0.000000E+00  0.000000E+00 -3.000000E+04 -2.307134E-04  0.000000E+00 -2.307134E-04  0.000000E+00
  5.400000E-09  3.800000E+01  1.500000E+01  0.000000E+00  2.230300E+04  5.200000E+01  0.000000E+00  1.010550E+05  1.715399E-18  5.655302E-18  3.036422E-18 -1.025130E-16 -1.795522E-17 -5.550408E-19  0.000000E+00  0.000000E+00  0.000000E+00 -1.169659E-13  2.339026E-15  7.511123E-17 -4.427880E-16  1.101983E-17  1.918475E-17  0.000000E+00  0.000000E+00  0.000000E+00  5.703837E-14  1.211971E-14  8.012125E-17 -6.047111E-14  1.445746E-14  1.768986E-16  3.396419E-14  4.409070E-12  0.000000E+00  3.894192E-09  7.829696E-12  0.000000E+00  2.131936E-06  6.768180E-07  0.000000E+00  0.000000E+00  0.000000E+00 -1.822097E-06 -4.115351E-09  0.000000E+00  2.502069E-06  4.560100E-04  4.588226E-04  0.000000E+00  1.500000E+00  3.800000E+01  2.000000E+00  0.000000E+00  0.000000E+00  0.000000E+00  0.000000E+00  0.000000E+00  0.000000E+00  0.000000E+00  0.000000E+00  0.000000E+00  0.000000E+00  0.000000E+00  0.000000E+00  0.000000E+00  0.000000E+00  0.000000E+00  0.000000E+00 -3.000000E+04 -2.307134E-04  0.000000E+00 -2.307134E-04  0.000000E+00
  5.500000E-09  3.900000E+01  1.600000E+01  0.000000E+00  2.236700E+04  5.300000E+01  0.000000E+00  9.899500E+04  1.669817E-17  2.177186E-18  7.708605E-18 -1.143366E-16 -1.497798E-17 -1.413781E-18  0.000000E+00  0.000000E+00  0.000000E+00 -1.215781E-13  2.289053E-15  6.851645E-17 -4.619983E-16  1.357703E-17  1.862697E-17  0.000000E+00  0.000000E+00  0.000000E+00  5.456444E-14  1.181036E-14  3.565758E-17 -6.757329E-14  1.410018E-14  1.290958E-16  3.376634E-13  4.632232E-12  0.000000E+00  4.067378E-09  8.234029E-12  0.000000E+00  2.040048E-06  6.792351E-07  0.000000E+00  0.000000E+00  0.000000E+00 -1.826364E-06 -4.137506E-09  0.000000E+00  2.418347E-06  4.560096E-04  4.587330E-04  0.000000E+00  1.500000E+00  3.900000E+01  3.000000E+00  0.000000E+00  0.000000E+00  0.000000E+00  0.000000E+00  0.000000E+00  0.000000E+00  0.000000E+00  0.000000E+00  0.000000E+00  0.000000E+00  0.000000E+00  0.000000E+00  0.000000E+00  0.000000E+00  0.000000E+00  0.000000E+00 -3.000000E+04 -2.307134E-04  0.000000E+00 -2.307134E-04  0.000000E+00
  5.600000E-09  3.400000E+01  1.800000E+01  0.000000E+00  2.242700E+04  5.400000E+01  0.000000E+00  9.699500E+04  2.846867E-18  3.436887E-18  4.710422E-18 -1.440061E-16 -3.308088E-19 -1.860010E-18  0.000000E+00  0.000000E+00  0.000000E+00 -1.262233E-13  2.240401E-15  6.860547E-17 -4.693919E-16  1.266248E-17  2.470622E-17  0.000000E+00  0.000000E+00  0.000000E+00  5.193359E-14  1.146701E-14  2.520302E-17 -7.490029E-14  1.372318E-14  1.213651E-16  4.380931E-14  5.664152E-12  0.000000E+00  4.244229E-09  8.722954E-12  0.000000E+00  1.936978E-06  6.810412E-07  0.000000E+00  0.000000E+00  0.000000E+00 -1.830441E-06 -4.138210E-09  0.000000E+00  2.340326E-06  4.560091E-04  4.586314E-04  0.000000E+00  1.500000E+00  3.400000E+01  6.000000E+00  0.000000E+00  0.000000E+00  0.000000E+00  0.000000E+00  0.000000E+00  0.000000E+00  0.000000E+00  0.000000E+00  0.000000E+00  0.000000E+00  0.000000E+00  0.000000E+00  0.000000E+00  0.000000E+00  0.000000E+00  0.000000E+00 -3.000000E+04 -2.307134E-04  0.000000E+00 -2.307134E-04  0.000000E+00
