# Cumulative H-alpha spectrum from 84 timesteps
# Total events: 419
# Velocity[m/s]  Wavelength[nm]  Counts  Intensity
-4.975000e+04  656.171090  4.0  9.546539e-03
-4.925000e+04  656.172190  3.0  7.159905e-03
-4.875000e+04  656.173280  2.0  4.773270e-03
-4.825000e+04  656.174380  4.0  9.546539e-03
-4.775000e+04  656.175470  5.0  1.193317e-02
-4.725000e+04  656.176570  2.0  4.773270e-03
-4.675000e+04  656.177660  2.0  4.773270e-03
-4.625000e+04  656.178760  0.0  0.000000e+00
-4.575000e+04  656.179850  3.0  7.159905e-03
-4.525000e+04  656.180950  1.0  2.386635e-03
-4.475000e+04  656.182040  3.0  7.159905e-03
-4.425000e+04  656.183130  2.0  4.773270e-03
-4.375000e+04  656.184230  1.0  2.386635e-03
-4.325000e+04  656.185320  1.0  2.386635e-03
-4.275000e+04  656.186420  1.0  2.386635e-03
-4.225000e+04  656.187510  1.0  2.386635e-03
-4.175000e+04  656.188610  0.0  0.000000e+00
-4.125000e+04  656.189700  5.0  1.193317e-02
-4.075000e+04  656.190800  1.0  2.386635e-03
-4.025000e+04  656.191890  3.0  7.159905e-03
-3.975000e+04  656.192980  2.0  4.773270e-03
-3.925000e+04  656.194080  2.0  4.773270e-03
-3.875000e+04  656.195170  3.0  7.159905e-03
-3.825000e+04  656.196270  4.0  9.546539e-03
-3.775000e+04  656.197360  3.0  7.159905e-03
-3.725000e+04  656.198460  1.0  2.386635e-03
-3.675000e+04  656.199550  3.0  7.159905e-03
-3.625000e+04  656.200650  1.0  2.386635e-03
-3.575000e+04  656.201740  1.0  2.386635e-03
-3.525000e+04  656.202840  2.0  4.773270e-03
-3.475000e+04  656.203930  5.0  1.193317e-02
-3.425000e+04  656.205020  2.0  4.773270e-03
-3.375000e+04  656.206120  0.0  0.000000e+00
-3.325000e+04  656.207210  2.0  4.773270e-03
-3.275000e+04  656.208310  3.0  7.159905e-03
-3.225000e+04  656.209400  1.0  2.386635e-03
-3.175000e+04  656.210500  1.0  2.386635e-03
-3.125000e+04  656.211590  3.0  7.159905e-03
-3.075000e+04  656.212690  2.0  4.773270e-03
-3.025000e+04  656.213780  1.0  2.386635e-03
-2.975000e+04  656.214880  2.0  4.773270e-03
-2.925000e+04  656.215970  6.0  1.431981e-02
-2.875000e+04  656.217060  0.0  0.000000e+00
-2.825000e+04  656.218160  5.0  1.193317e-02
-2.775000e+04  656.219250  2.0  4.773270e-03
-2.725000e+04  656.220350  4.0  9.546539e-03
-2.675000e+04  656.221440  0.0  0.000000e+00
-2.625000e+04  656.222540  7.0  1.670644e-02
-2.575000e+04  656.223630  1.0  2.386635e-03
-2.525000e+04  656.224730  1.0  2.386635e-03
-2.475000e+04  656.225820  2.0  4.773270e-03
-2.425000e+04  656.226920  7.0  1.670644e-02
-2.375000e+04  656.228010  6.0  1.431981e-02
-2.325000e+04  656.229100  2.0  4.773270e-03
-2.275000e+04  656.230200  2.0  4.773270e-03
-2.225000e+04  656.231290  2.0  4.773270e-03
-2.175000e+04  656.232390  3.0  7.159905e-03
-2.125000e+04  656.233480  2.0  4.773270e-03
-2.075000e+04  656.234580  2.0  4.773270e-03
-2.025000e+04  656.235670  1.0  2.386635e-03
-1.975000e+04  656.236770  0.0  0.000000e+00
-1.925000e+04  656.237860  2.0  4.773270e-03
-1.875000e+04  656.238960  0.0  0.000000e+00
-1.825000e+04  656.240050  1.0  2.386635e-03
-1.775000e+04  656.241140  5.0  1.193317e-02
-1.725000e+04  656.242240  3.0  7.159905e-03
-1.675000e+04  656.243330  2.0  4.773270e-03
-1.625000e+04  656.244430  4.0  9.546539e-03
-1.575000e+04  656.245520  0.0  0.000000e+00
-1.525000e+04  656.246620  2.0  4.773270e-03
-1.475000e+04  656.247710  1.0  2.386635e-03
-1.425000e+04  656.248810  0.0  0.000000e+00
-1.375000e+04  656.249900  3.0  7.159905e-03
-1.325000e+04  656.250990  1.0  2.386635e-03
-1.275000e+04  656.252090  1.0  2.386635e-03
-1.225000e+04  656.253180  2.0  4.773270e-03
-1.175000e+04  656.254280  3.0  7.159905e-03
-1.125000e+04  656.255370  2.0  4.773270e-03
-1.075000e+04  656.256470  0.0  0.000000e+00
-1.025000e+04  656.257560  1.0  2.386635e-03
-9.750000e+03  656.258660  4.0  9.546539e-03
-9.250000e+03  656.259750  2.0  4.773270e-03
-8.750000e+03  656.260850  1.0  2.386635e-03
-8.250000e+03  656.261940  4.0  9.546539e-03
-7.750000e+03  656.263030  3.0  7.159905e-03
-7.250000e+03  656.264130  0.0  0.000000e+00
-6.750000e+03  656.265220  2.0  4.773270e-03
-6.250000e+03  656.266320  1.0  2.386635e-03
-5.750000e+03  656.267410  1.0  2.386635e-03
-5.250000e+03  656.268510  2.0  4.773270e-03
-4.750000e+03  656.269600  1.0  2.386635e-03
-4.250000e+03  656.270700  2.0  4.773270e-03
-3.750000e+03  656.271790  3.0  7.159905e-03
-3.250000e+03  656.272890  3.0  7.159905e-03
-2.750000e+03  656.273980  4.0  9.546539e-03
-2.250000e+03  656.275070  2.0  4.773270e-03
-1.750000e+03  656.276170  3.0  7.159905e-03
-1.250000e+03  656.277260  3.0  7.159905e-03
-7.500000e+02  656.278360  0.0  0.000000e+00
-2.500000e+02  656.279450  2.0  4.773270e-03
2.500000e+02  656.280550  1.0  2.386635e-03
7.500000e+02  656.281640  4.0  9.546539e-03
1.250000e+03  656.282740  0.0  0.000000e+00
1.750000e+03  656.283830  1.0  2.386635e-03
2.250000e+03  656.284930  0.0  0.000000e+00
2.750000e+03  656.286020  2.0  4.773270e-03
3.250000e+03  656.287110  2.0  4.773270e-03
3.750000e+03  656.288210  1.0  2.386635e-03
4.250000e+03  656.289300  4.0  9.546539e-03
4.750000e+03  656.290400  3.0  7.159905e-03
5.250000e+03  656.291490  3.0  7.159905e-03
5.750000e+03  656.292590  3.0  7.159905e-03
6.250000e+03  656.293680  4.0  9.546539e-03
6.750000e+03  656.294780  4.0  9.546539e-03
7.250000e+03  656.295870  1.0  2.386635e-03
7.750000e+03  656.296970  0.0  0.000000e+00
8.250000e+03  656.298060  2.0  4.773270e-03
8.750000e+03  656.299150  4.0  9.546539e-03
9.250000e+03  656.300250  3.0  7.159905e-03
9.750000e+03  656.301340  1.0  2.386635e-03
1.025000e+04  656.302440  1.0  2.386635e-03
1.075000e+04  656.303530  0.0  0.000000e+00
1.125000e+04  656.304630  1.0  2.386635e-03
1.175000e+04  656.305720  0.0  0.000000e+00
1.225000e+04  656.306820  1.0  2.386635e-03
1.275000e+04  656.307910  4.0  9.546539e-03
1.325000e+04  656.309010  2.0  4.773270e-03
1.375000e+04  656.310100  1.0  2.386635e-03
1.425000e+04  656.311190  1.0  2.386635e-03
1.475000e+04  656.312290  2.0  4.773270e-03
1.525000e+04  656.313380  1.0  2.386635e-03
1.575000e+04  656.314480  2.0  4.773270e-03
1.625000e+04  656.315570  1.0  2.386635e-03
1.675000e+04  656.316670  1.0  2.386635e-03
1.725000e+04  656.317760  4.0  9.546539e-03
1.775000e+04  656.318860  1.0  2.386635e-03
1.825000e+04  656.319950  3.0  7.159905e-03
1.875000e+04  656.321040  7.0  1.670644e-02
1.925000e+04  656.322140  1.0  2.386635e-03
1.975000e+04  656.323230  1.0  2.386635e-03
2.025000e+04  656.324330  3.0  7.159905e-03
2.075000e+04  656.325420  2.0  4.773270e-03
2.125000e+04  656.326520  2.0  4.773270e-03
2.175000e+04  656.327610  1.0  2.386635e-03
2.225000e+04  656.328710  3.0  7.159905e-03
2.275000e+04  656.329800  4.0  9.546539e-03
2.325000e+04  656.330900  1.0  2.386635e-03
2.375000e+04  656.331990  1.0  2.386635e-03
2.425000e+04  656.333080  2.0  4.773270e-03
2.475000e+04  656.334180  1.0  2.386635e-03
2.525000e+04  656.335270  4.0  9.546539e-03
2.575000e+04  656.336370  0.0  0.000000e+00
2.625000e+04  656.337460  2.0  4.773270e-03
2.675000e+04  656.338560  4.0  9.546539e-03
2.725000e+04  656.339650  2.0  4.773270e-03
2.775000e+04  656.340750  0.0  0.000000e+00
2.825000e+04  656.341840  0.0  0.000000e+00
2.875000e+04  656.342940  3.0  7.159905e-03
2.925000e+04  656.344030  2.0  4.773270e-03
2.975000e+04  656.345120  3.0  7.159905e-03
3.025000e+04  656.346220  1.0  2.386635e-03
3.075000e+04  656.347310  4.0  9.546539e-03
3.125000e+04  656.348410  2.0  4.773270e-03
3.175000e+04  656.349500  0.0  0.000000e+00
3.225000e+04  656.350600  4.0  9.546539e-03
3.275000e+04  656.351690  0.0  0.000000e+00
3.325000e+04  656.352790  4.0  9.546539e-03
3.375000e+04  656.353880  3.0  7.159905e-03
3.425000e+04  656.354980  2.0  4.773270e-03
3.475000e+04  656.356070  2.0  4.773270e-03
3.525000e+04  656.357160  1.0  2.386635e-03
3.575000e+04  656.358260  3.0  7.159905e-03
3.625000e+04  656.359350  1.0  2.386635e-03
3.675000e+04  656.360450  2.0  4.773270e-03
3.725000e+04  656.361540  3.0  7.159905e-03
3.775000e+04  656.362640  4.0  9.546539e-03
3.825000e+04  656.363730  2.0  4.773270e-03
3.875000e+04  656.364830  3.0  7.159905e-03
3.925000e+04  656.365920  2.0  4.773270e-03
3.975000e+04  656.367020  3.0  7.159905e-03
4.025000e+04  656.368110  1.0  2.386635e-03
4.075000e+04  656.369200  0.0  0.000000e+00
4.125000e+04  656.370300  2.0  4.773270e-03
4.175000e+04  656.371390  5.0  1.193317e-02
4.225000e+04  656.372490  2.0  4.773270e-03
4.275000e+04  656.373580  3.0  7.159905e-03
4.325000e+04  656.374680  1.0  2.386635e-03
4.375000e+04  656.375770  0.0  0.000000e+00
4.425000e+04  656.376870  2.0  4.773270e-03
4.475000e+04  656.377960  2.0  4.773270e-03
4.525000e+04  656.379050  2.0  4.773270e-03
4.575000e+04  656.380150  2.0  4.773270e-03
4.625000e+04  656.381240  1.0  2.386635e-03
4.675000e+04  656.382340  1.0  2.386635e-03
4.725000e+04  656.383430  2.0  4.773270e-03
4.775000e+04  656.384530  0.0  0.000000e+00
4.825000e+04  656.385620  3.0  7.159905e-03
4.875000e+04  656.386720  1.0  2.386635e-03
4.925000e+04  656.387810  1.0  2.386635e-03
4.975000e+04  656.388910  5.0  1.193317e-02
