 time npart_H2 npart_H2f npart_H2* npart_H2+ npart_H3+ npart_H npart_H* npart_H+ npart_e- xmom_H2 ymom_H2 zmom_H2 xmom_H2f ymom_H2f zmom_H2f xmom_H2* ymom_H2* zmom_H2* xmom_H2+ ymom_H2+ zmom_H2+ xmom_H3+ ymom_H3+ zmom_H3+ xmom_H ymom_H zmom_H xmom_H* ymom_H* zmom_H* xmom_H+ ymom_H+ zmom_H+ xmom_e- ymom_e- zmom_e- totxmom totymom totzmom ek_H2 ek_H2f ek_H2* ek_H2+ ek_H3+ ek_H ek_H* ek_H+ ek_e- totei eepart_H2 eepart_H2f eepart_H2* eepart_H2+ eepart_H3+ eepart_H eepart_H* eepart_H+ eepart_e- toteefield tote fieldpower coilcurrent nreact_1 nreact_2 nreact_3 nreact_4 nreact_5 nreact_6 nreact_7 nreact_8 nreact_9 nreact_10 nreact_11 nreact_12 nreact_13 nreact_14 nreact_15 nreact_16 nreact_17 nreact_18 nreact_19 nreact_20 nreact_21 nreact_22 nreact_23 nreact_24 V_cathode I_tot_cathode I_ion_cathode I_elec_cathode I_see_cathode
  0.000000E+00  0.000000E+00  0.000000E+00  0.000000E+00  0.000000E+00  0.000000E+00  0.000000E+00  0.000000E+00  0.000000E+00  1.693500E+04  0.000000E+00  0.000000E+00  0.000000E+00  0.000000E+00  0.000000E+00  0.000000E+00  0.000000E+00  0.000000E+00  0.000000E+00  0.000000E+00  0.000000E+00  0.000000E+00  0.000000E+00  0.000000E+00  0.000000E+00  0.000000E+00  0.000000E+00  0.000000E+00  0.000000E+00  0.000000E+00  0.000000E+00  0.000000E+00  0.000000E+00  0.000000E+00 -6.978837E-17  1.542609E-20  1.542609E-20 -6.978837E-17  1.542609E-20  1.542609E-20  0.000000E+00  0.000000E+00  0.000000E+00  0.000000E+00  0.000000E+00  0.000000E+00  0.000000E+00  0.000000E+00  1.368412E-09  0.000000E+00  0.000000E+00  0.000000E+00  0.000000E+00  0.000000E+00  0.000000E+00  0.000000E+00  0.000000E+00  0.000000E+00  1.527284E-05  4.560538E-04  4.560552E-04  0.000000E+00  1.500000E+00  0.000000E+00  0.000000E+00  0.000000E+00  0.000000E+00  0.000000E+00  0.000000E+00  0.000000E+00  0.000000E+00  0.000000E+00  0.000000E+00  0.000000E+00  0.000000E+00  0.000000E+00  0.000000E+00  0.000000E+00  0.000000E+00  0.000000E+00  0.000000E+00  0.000000E+00  0.000000E+00  0.000000E+00  0.000000E+00  0.000000E+00  0.000000E+00 -3.000000E+04  0.000000E+00  0.000000E+00  0.000000E+00  0.000000E+00
  1.000000E-09  3.000000E+00  0.000000E+00  1.970000E+02  3.460000E+02  0.000000E+00  0.000000E+00  0.000000E+00  0.000000E+00  1.615600E+04 -5.613702E-18 -7.773323E-18 -8.775636E-18  0.000000E+00  0.000000E+00  0.000000E+00  4.573074E-16 -3.571209E-17  1.152060E-16  2.346359E-15  1.896063E-16 -3.616385E-16  0.000000E+00  0.000000E+00  0.000000E+00  0.000000E+00  0.000000E+00  0.000000E+00  0.000000E+00  0.000000E+00  0.000000E+00  0.000000E+00  0.000000E+00  0.000000E+00  2.931320E-13  1.104488E-14  2.868651E-16  2.959301E-13  1.119100E-14  3.165698E-17  3.047902E-14  0.000000E+00  2.023333E-12  4.078282E-11  0.000000E+00  0.000000E+00  0.000000E+00  0.000000E+00  5.814248E-06  2.978777E-08  0.000000E+00  0.000000E+00  0.000000E+00 -3.915863E-07  0.000000E+00  0.000000E+00  0.000000E+00  0.000000E+00  1.268028E-05  4.560450E-04  4.618891E-04  0.000000E+00  1.500000E+00  3.000000E+00  0.000000E+00  3.000000E+00  0.000000E+00  0.000000E+00  0.000000E+00  0.000000E+00  0.000000E+00  0.000000E+00  0.000000E+00  0.000000E+00  0.000000E+00  0.000000E+00  0.000000E+00  0.000000E+00  0.000000E+00  0.000000E+00  0.000000E+00  0.000000E+00  0.000000E+00  0.000000E+00  0.000000E+00  0.000000E+00  0.000000E+00 -3.000000E+04 -6.408707E-05  0.000000E+00 -6.408707E-05  0.000000E+00
  2.000000E-09  0.000000E+00  0.000000E+00  3.150000E+02  7.410000E+02  0.000000E+00  0.000000E+00  0.000000E+00  0.000000E+00  1.300000E+04  0.000000E+00  0.000000E+00  0.000000E+00  0.000000E+00  0.000000E+00  0.000000E+00  6.318670E-16 -6.885435E-17  1.935156E-16 -3.711624E-16 -5.547282E-16 -7.759768E-16  0.000000E+00  0.000000E+00  0.000000E+00  0.000000E+00  0.000000E+00  0.000000E+00  0.000000E+00  0.000000E+00  0.000000E+00  0.000000E+00  0.000000E+00  0.000000E+00  3.482733E-13  1.051044E-14  2.531547E-16  3.485340E-13  9.886856E-15 -3.293065E-16  0.000000E+00  0.000000E+00  3.118047E-12  2.380820E-10  0.000000E+00  0.000000E+00  0.000000E+00  0.000000E+00  1.206507E-05  1.494502E-07  0.000000E+00  0.000000E+00  0.000000E+00 -7.678721E-07  0.000000E+00  0.000000E+00  0.000000E+00  0.000000E+00  6.373008E-06  4.559939E-04  4.682087E-04  0.000000E+00  1.500000E+00  0.000000E+00  0.000000E+00  2.000000E+00  0.000000E+00  0.000000E+00  0.000000E+00  0.000000E+00  0.000000E+00  0.000000E+00  0.000000E+00  0.000000E+00  0.000000E+00  0.000000E+00  0.000000E+00  0.000000E+00  0.000000E+00  0.000000E+00  0.000000E+00  0.000000E+00  0.000000E+00  0.000000E+00  0.000000E+00  0.000000E+00  0.000000E+00 -3.000000E+04 -8.010883E-05  0.000000E+00 -8.010883E-05  0.000000E+00
  3.000000E-09  0.000000E+00  0.000000E+00  4.290000E+02  9.880000E+02  2.000000E+00  2.000000E+00  0.000000E+00  0.000000E+00  9.282000E+03  0.000000E+00  0.000000E+00  0.000000E+00  0.000000E+00  0.000000E+00  0.000000E+00  8.568042E-16 -5.719472E-17  2.936966E-16 -1.224119E-14 -6.949507E-17 -6.284362E-16 -1.203389E-16  6.777345E-18  1.457020E-17 -9.944278E-18 -8.890007E-18  1.915603E-17  0.000000E+00  0.000000E+00  0.000000E+00  0.000000E+00  0.000000E+00  0.000000E+00  1.598408E-13  1.471355E-14  9.610299E-17  1.483262E-13  1.458475E-14 -2.049103E-16  0.000000E+00  0.000000E+00  4.015103E-12  5.678033E-10  1.328533E-12  1.184726E-13  0.000000E+00  0.000000E+00  5.517484E-06  2.489377E-07  0.000000E+00  0.000000E+00  0.000000E+00 -9.266440E-07 -2.009655E-09  0.000000E+00  0.000000E+00  0.000000E+00  4.329807E-06  4.559924E-04  4.617593E-04  0.000000E+00  1.500000E+00  0.000000E+00  1.000000E+00  1.000000E+00  0.000000E+00  0.000000E+00  0.000000E+00  1.000000E+00  0.000000E+00  0.000000E+00  0.000000E+00  0.000000E+00  0.000000E+00  0.000000E+00  0.000000E+00  0.000000E+00  0.000000E+00  0.000000E+00  0.000000E+00  0.000000E+00  0.000000E+00  0.000000E+00  0.000000E+00  0.000000E+00  0.000000E+00 -3.000000E+04 -1.121524E-04  0.000000E+00 -1.121524E-04  0.000000E+00
  4.000000E-09  3.000000E+00  0.000000E+00  5.320000E+02  1.137000E+03  2.000000E+00  2.000000E+00  0.000000E+00  0.000000E+00  7.468000E+03 -9.261417E-18 -6.016410E-18  3.392880E-18  0.000000E+00  0.000000E+00  0.000000E+00  1.010594E-15  3.509996E-17  2.948214E-16 -3.133880E-14 -4.092585E-16 -5.001781E-16 -1.997667E-16  6.784720E-18  1.457117E-17 -9.944278E-18 -8.887743E-18  1.915660E-17  0.000000E+00  0.000000E+00  0.000000E+00  0.000000E+00  0.000000E+00  0.000000E+00  1.041409E-13  8.708570E-15 -4.238983E-16  7.359375E-14  8.326292E-15 -5.921344E-16  2.187498E-14  0.000000E+00  4.877838E-12  1.059758E-09  2.623216E-12  1.184726E-13  0.000000E+00  0.000000E+00  3.667166E-06  3.091882E-07  0.000000E+00  0.000000E+00  0.000000E+00 -1.037462E-06 -2.010468E-09  0.000000E+00  0.000000E+00  0.000000E+00  2.972449E-06  4.559868E-04  4.599642E-04  0.000000E+00  1.500000E+00  3.000000E+00  3.000000E+00  2.000000E+00  0.000000E+00  0.000000E+00  0.000000E+00  0.000000E+00  0.000000E+00  0.000000E+00  0.000000E+00  0.000000E+00  0.000000E+00  0.000000E+00  0.000000E+00  0.000000E+00  0.000000E+00  0.000000E+00  0.000000E+00  0.000000E+00  0.000000E+00  0.000000E+00  0.000000E+00  0.000000E+00  0.000000E+00 -3.000000E+04 -1.281741E-04  0.000000E+00 -1.281741E-04  0.000000E+00
  5.000000E-09  0.000000E+00  0.000000E+00  6.370000E+02  1.208000E+03  5.000000E+00  5.000000E+00  0.000000E+00  0.000000E+00  6.082000E+03  0.000000E+00  0.000000E+00  0.000000E+00  0.000000E+00  0.000000E+00  0.000000E+00  1.170018E-15  1.729492E-16  2.108632E-16 -5.479141E-14 -6.025845E-16 -4.279959E-16 -3.228951E-16  1.643375E-17 -7.962110E-17 -2.325540E-17  2.139953E-17 -2.560587E-17  0.000000E+00  0.000000E+00  0.000000E+00  0.000000E+00  0.000000E+00  0.000000E+00  5.865903E-14  5.167843E-15 -2.405380E-16  4.691482E-15  4.776041E-15 -5.628977E-16  0.000000E+00  0.000000E+00  5.764352E-12  1.764895E-09  7.151668E-12  5.749807E-13  0.000000E+00  0.000000E+00  2.126445E-06  3.387648E-07  0.000000E+00  0.000000E+00  0.000000E+00 -1.094439E-06 -4.026423E-09  0.000000E+00  0.000000E+00  0.000000E+00  1.998468E-06  4.559844E-04  4.584514E-04  0.000000E+00  1.500000E+00  0.000000E+00  0.000000E+00  0.000000E+00  0.000000E+00  0.000000E+00  0.000000E+00  0.000000E+00  0.000000E+00  0.000000E+00  0.000000E+00  0.000000E+00  0.000000E+00  0.000000E+00  0.000000E+00  0.000000E+00  0.000000E+00  0.000000E+00  0.000000E+00  0.000000E+00  0.000000E+00  0.000000E+00  0.000000E+00  0.000000E+00  0.000000E+00 -3.000000E+04 -1.281741E-04  0.000000E+00 -1.281741E-04  0.000000E+00
  6.000000E-09  0.000000E+00  3.000000E+00  7.280000E+02  1.249000E+03  5.000000E+00  6.000000E+00  0.000000E+00  1.000000E+00  5.030000E+03  0.000000E+00  0.000000E+00  0.000000E+00 -4.628736E-16  1.434471E-17 -1.866867E-17  1.219756E-15  1.873014E-16  2.401637E-16 -7.899305E-14 -9.288870E-16 -1.140704E-16 -5.217795E-16  3.010859E-17 -7.962352E-17 -3.851679E-17  3.482339E-17 -1.516313E-17  0.000000E+00  0.000000E+00  0.000000E+00 -7.848688E-17  7.965466E-18 -2.181557E-17  4.129915E-14  3.883972E-15 -1.991424E-16 -3.757580E-14  3.229628E-15 -2.083200E-16  0.000000E+00  1.169071E-11  6.398363E-12  2.733768E-09  1.070831E-11  7.308283E-13  0.000000E+00  2.001063E-12  1.602056E-06  3.612558E-07  0.000000E+00  0.000000E+00  0.000000E+00 -1.115786E-06 -4.025906E-09  0.000000E+00  0.000000E+00 -1.227668E-09  1.305089E-06  4.559827E-04  4.579488E-04  0.000000E+00  1.500000E+00  0.000000E+00  1.000000E+00  0.000000E+00  0.000000E+00  0.000000E+00  0.000000E+00  0.000000E+00  0.000000E+00  0.000000E+00  0.000000E+00  0.000000E+00  0.000000E+00  0.000000E+00  0.000000E+00  0.000000E+00  0.000000E+00  0.000000E+00  0.000000E+00  0.000000E+00  0.000000E+00  0.000000E+00  0.000000E+00  0.000000E+00  0.000000E+00 -3.000000E+04 -1.281741E-04  0.000000E+00 -1.281741E-04  0.000000E+00
  7.000000E-09  2.000000E+00  3.000000E+00  8.070000E+02  1.274000E+03  7.000000E+00  8.000000E+00  0.000000E+00  1.000000E+00  4.218000E+03 -4.725776E-18  4.846839E-19  3.256738E-18 -4.628736E-16  1.434577E-17 -1.866880E-17  1.241363E-15  2.635723E-16  2.849538E-16 -1.056664E-13 -1.346451E-15 -1.119482E-16 -6.791004E-16  1.329516E-16 -7.160367E-17 -2.508177E-17  4.647777E-17 -1.324013E-17  0.000000E+00  0.000000E+00  0.000000E+00 -1.178355E-16  7.644207E-18 -2.181278E-17  2.331581E-14  3.328792E-15 -1.655686E-16 -8.239888E-14  2.447818E-15 -1.146316E-16  1.238924E-14  1.169071E-11  7.013859E-12  3.972136E-09  1.658839E-11  8.228291E-13  0.000000E+00  4.306878E-12  8.895115E-07  3.712624E-07  0.000000E+00  0.000000E+00  0.000000E+00 -1.129606E-06 -4.040002E-09  0.000000E+00  0.000000E+00 -1.228480E-09  9.688784E-07  4.559819E-04  4.572467E-04  0.000000E+00  1.500000E+00  2.000000E+00  0.000000E+00  1.000000E+00  0.000000E+00  0.000000E+00  0.000000E+00  0.000000E+00  0.000000E+00  0.000000E+00  0.000000E+00  0.000000E+00  0.000000E+00  0.000000E+00  0.000000E+00  0.000000E+00  0.000000E+00  0.000000E+00  0.000000E+00  0.000000E+00  0.000000E+00  0.000000E+00  0.000000E+00  0.000000E+00  0.000000E+00 -3.000000E+04 -1.441959E-04  0.000000E+00 -1.441959E-04  0.000000E+00
  8.000000E-09  0.000000E+00  4.000000E+00  8.740000E+02  1.281000E+03  8.000000E+00  9.000000E+00  0.000000E+00  1.000000E+00  3.671000E+03  0.000000E+00  0.000000E+00  0.000000E+00 -6.143463E-16 -5.958143E-18 -2.077626E-17  1.372007E-15  3.521764E-16  3.262628E-16 -1.330493E-13 -1.573628E-15 -3.830801E-16 -8.506306E-16  1.750250E-16  3.536039E-17 -2.520880E-17  6.830978E-17  3.239639E-18  0.000000E+00  0.000000E+00  0.000000E+00 -1.571943E-16  7.326541E-18 -2.181011E-17  1.169026E-14  3.066324E-15 -2.665584E-17 -1.216344E-13  2.089575E-15 -8.745953E-17  0.000000E+00  1.518051E-11  7.668550E-12  5.488508E-09  2.463272E-11  1.046132E-12  0.000000E+00  7.538654E-12  4.136621E-07  3.738702E-07  0.000000E+00  0.000000E+00  0.000000E+00 -1.136422E-06 -4.106176E-09  0.000000E+00  0.000000E+00 -1.229920E-09  8.161859E-07  4.559819E-04  4.567749E-04  0.000000E+00  1.500000E+00  0.000000E+00  0.000000E+00  0.000000E+00  0.000000E+00  0.000000E+00  0.000000E+00  0.000000E+00  0.000000E+00  0.000000E+00  0.000000E+00  0.000000E+00  0.000000E+00  0.000000E+00  0.000000E+00  0.000000E+00  0.000000E+00  0.000000E+00  0.000000E+00  0.000000E+00  0.000000E+00  0.000000E+00  0.000000E+00  0.000000E+00  0.000000E+00 -3.000000E+04 -1.441959E-04  0.000000E+00 -1.441959E-04  0.000000E+00
  9.000000E-09  2.000000E+00  4.000000E+00  9.490000E+02  1.294000E+03  8.000000E+00  9.000000E+00  0.000000E+00  1.000000E+00  3.208000E+03 -2.218276E-18  7.938775E-18 -3.731724E-18 -6.143463E-16 -5.957053E-18 -2.077657E-17  1.399033E-15  4.266744E-16  3.495071E-16 -1.606219E-13 -1.696734E-15 -1.591496E-16 -1.061062E-15  1.924119E-16  3.534727E-17 -2.520880E-17  6.832382E-17  3.239795E-18  0.000000E+00  0.000000E+00  0.000000E+00 -1.965364E-16  6.980745E-18 -2.180756E-17  7.414654E-15  2.944488E-15 -6.698913E-17 -1.537076E-13  1.944126E-15  1.156396E-16  2.633654E-14  1.518051E-11  8.254475E-12  7.311252E-09  3.294000E-11  1.046132E-12  0.000000E+00  1.169380E-11  2.418291E-07  3.791880E-07  0.000000E+00  0.000000E+00  0.000000E+00 -1.155429E-06 -4.108844E-09  0.000000E+00  0.000000E+00 -1.231660E-09  7.218733E-07  4.559836E-04  4.566120E-04  0.000000E+00  1.500000E+00  2.000000E+00  1.000000E+00  1.000000E+00  0.000000E+00  0.000000E+00  0.000000E+00  0.000000E+00  0.000000E+00  0.000000E+00  0.000000E+00  0.000000E+00  0.000000E+00  0.000000E+00  0.000000E+00  0.000000E+00  0.000000E+00  0.000000E+00  0.000000E+00  0.000000E+00  0.000000E+00  0.000000E+00  0.000000E+00  0.000000E+00  0.000000E+00 -3.000000E+04 -1.441959E-04  0.000000E+00 -1.441959E-04  0.000000E+00
  1.000000E-08  0.000000E+00  4.000000E+00  1.005000E+03  1.300000E+03  8.000000E+00  9.000000E+00  0.000000E+00  1.000000E+00  2.815000E+03  0.000000E+00  0.000000E+00  0.000000E+00 -6.143463E-16 -5.955963E-18 -2.077689E-17  1.444229E-15  4.388341E-16  3.772739E-16 -1.887410E-13 -1.920240E-15 -2.014281E-17 -1.271486E-15  2.097862E-16  3.533425E-17 -2.520880E-17  6.833786E-17  3.239952E-18  0.000000E+00  0.000000E+00  0.000000E+00 -2.358761E-16  6.630530E-18 -2.180514E-17  6.259720E-15  2.557821E-15 -2.885139E-17 -1.831840E-13  1.355214E-15  3.242719E-16  0.000000E+00  1.518051E-11  8.630989E-12  9.420221E-09  4.286188E-11  1.046132E-12  0.000000E+00  1.677328E-11  2.063024E-07  3.803053E-07  0.000000E+00  0.000000E+00  0.000000E+00 -1.161922E-06 -4.114470E-09  0.000000E+00  0.000000E+00 -1.234394E-09  6.388011E-07  4.559831E-04  4.565792E-04  0.000000E+00  1.500000E+00  0.000000E+00  0.000000E+00  0.000000E+00  0.000000E+00  0.000000E+00  0.000000E+00  0.000000E+00  0.000000E+00  0.000000E+00  0.000000E+00  0.000000E+00  0.000000E+00  0.000000E+00  0.000000E+00  0.000000E+00  0.000000E+00  0.000000E+00  0.000000E+00  0.000000E+00  0.000000E+00  0.000000E+00  0.000000E+00  0.000000E+00  0.000000E+00 -3.000000E+04 -1.441959E-04  0.000000E+00 -1.441959E-04  0.000000E+00
  1.100000E-08  1.000000E+00  5.000000E+00  1.058000E+03  1.302000E+03  8.000000E+00  1.000000E+01  0.000000E+00  2.000000E+00  2.536000E+03  3.831304E-18 -8.271541E-18  1.564608E-18 -8.378998E-16 -8.144933E-17 -1.710854E-17  1.478103E-15  4.917976E-16  3.837726E-16 -2.160241E-13 -2.123407E-15 -4.690999E-17 -1.481628E-15  2.266286E-16  3.532134E-17 -6.557408E-17  1.190299E-16 -1.778386E-17  0.000000E+00  0.000000E+00  0.000000E+00 -3.726662E-16 -9.553587E-17  3.756642E-18  4.979201E-15  2.349828E-15  3.037068E-17 -2.123208E-13  8.786207E-16  3.729834E-16  1.277940E-14  2.349976E-11  9.181344E-12  1.179066E-08  5.436759E-11  2.431922E-12  0.000000E+00  2.890485E-11  1.665995E-07  3.826477E-07  0.000000E+00  0.000000E+00  0.000000E+00 -1.161601E-06 -4.120130E-09  0.000000E+00  0.000000E+00 -1.837677E-09  5.538977E-07  4.559838E-04  4.565450E-04  0.000000E+00  1.500000E+00  1.000000E+00  0.000000E+00  0.000000E+00  0.000000E+00  0.000000E+00  0.000000E+00  0.000000E+00  0.000000E+00  0.000000E+00  0.000000E+00  0.000000E+00  0.000000E+00  0.000000E+00  0.000000E+00  0.000000E+00  0.000000E+00  0.000000E+00  0.000000E+00  0.000000E+00  0.000000E+00  0.000000E+00  0.000000E+00  0.000000E+00  0.000000E+00 -3.000000E+04 -8.010883E-05  0.000000E+00 -8.010883E-05  0.000000E+00
  1.200000E-08  1.000000E+00  9.000000E+00  1.118000E+03  1.306000E+03  8.000000E+00  1.000000E+01  0.000000E+00  2.000000E+00  2.224000E+03  4.817763E-18  1.739570E-18 -7.316389E-19 -2.174880E-15 -1.221157E-16 -1.967037E-17  1.513441E-15  6.005011E-16  3.693474E-16 -2.428100E-13 -2.391624E-15 -3.898601E-17 -1.690551E-15  2.415292E-16  3.530843E-17 -6.557408E-17  1.190531E-16 -1.776153E-17  0.000000E+00  0.000000E+00  0.000000E+00 -4.512025E-16 -9.765375E-17  3.813708E-18  3.874657E-15  1.995476E-15 -1.548063E-17 -2.417993E-13  3.469053E-16  3.158394E-16  3.999438E-15  9.267654E-11  9.587054E-12  1.441617E-08  6.734159E-11  2.431922E-12  0.000000E+00  3.868358E-11  1.210968E-07  3.860991E-07  0.000000E+00  0.000000E+00  0.000000E+00 -1.162854E-06 -4.126109E-09  0.000000E+00  0.000000E+00 -1.842350E-09  4.873130E-07  4.559847E-04  4.565065E-04  0.000000E+00  1.500000E+00  1.000000E+00  1.000000E+00  0.000000E+00  0.000000E+00  0.000000E+00  0.000000E+00  0.000000E+00  0.000000E+00  0.000000E+00  0.000000E+00  0.000000E+00  0.000000E+00  0.000000E+00  0.000000E+00  0.000000E+00  0.000000E+00  0.000000E+00  0.000000E+00  0.000000E+00  0.000000E+00  0.000000E+00  0.000000E+00  0.000000E+00  0.000000E+00 -3.000000E+04 -6.408707E-05  0.000000E+00 -6.408707E-05  0.000000E+00
  1.300000E-08  0.000000E+00  1.200000E+01  1.161000E+03  1.311000E+03  8.000000E+00  1.000000E+01  0.000000E+00  2.000000E+00  1.992000E+03  0.000000E+00  0.000000E+00  0.000000E+00 -2.806961E-15 -5.520655E-17  7.107207E-18  1.543757E-15  6.772024E-16  4.163599E-16 -2.701712E-13 -2.824233E-15  6.079111E-17 -1.899485E-15  2.564260E-16  3.529548E-17 -6.557408E-17  1.190763E-16 -1.773924E-17  0.000000E+00  0.000000E+00  0.000000E+00 -5.297381E-16 -9.977122E-17  3.871840E-18  3.221647E-15  1.866166E-15 -7.666250E-17 -2.707076E-13 -6.034073E-17  4.290238E-16  0.000000E+00  1.150581E-10  1.001070E-11  1.738381E-08  8.189673E-11  2.431922E-12  0.000000E+00  5.030638E-11  1.021819E-07  3.879224E-07  0.000000E+00  0.000000E+00  0.000000E+00 -1.170541E-06 -4.133395E-09  0.000000E+00  0.000000E+00 -1.848169E-09  4.447086E-07  4.559850E-04  4.564928E-04  0.000000E+00  1.500000E+00  0.000000E+00  2.000000E+00  0.000000E+00  0.000000E+00  0.000000E+00  0.000000E+00  0.000000E+00  0.000000E+00  0.000000E+00  0.000000E+00  0.000000E+00  0.000000E+00  0.000000E+00  0.000000E+00  0.000000E+00  0.000000E+00  0.000000E+00  0.000000E+00  0.000000E+00  0.000000E+00  0.000000E+00  0.000000E+00  0.000000E+00  0.000000E+00 -3.000000E+04 -3.204353E-05  0.000000E+00 -3.204353E-05  0.000000E+00
  1.400000E-08  0.000000E+00  1.400000E+01  1.190000E+03  1.312000E+03  9.000000E+00  1.100000E+01  0.000000E+00  2.000000E+00  1.770000E+03  0.000000E+00  0.000000E+00  0.000000E+00 -4.034032E-15 -9.659182E-17  4.189911E-17  1.587701E-15  6.661361E-16  4.319339E-16 -2.970836E-13 -3.114495E-15  2.533003E-17 -2.267930E-15  3.000053E-16  5.113372E-17 -7.089886E-17  1.332473E-16 -3.169133E-17  0.000000E+00  0.000000E+00  0.000000E+00 -6.082738E-16 -1.018890E-16  3.931050E-18  2.649826E-15  1.483055E-15  2.295827E-17 -2.998272E-13 -7.305323E-16  5.454948E-16  0.000000E+00  2.445789E-10  1.026871E-11  2.052367E-08  1.006773E-10  2.558504E-12  0.000000E+00  6.377327E-11  6.770150E-08  3.878511E-07  0.000000E+00  0.000000E+00  0.000000E+00 -1.170085E-06 -6.177221E-09  0.000000E+00  0.000000E+00 -1.854780E-09  4.098714E-07  4.559861E-04  4.564626E-04  0.000000E+00  1.500000E+00  0.000000E+00  0.000000E+00  0.000000E+00  0.000000E+00  0.000000E+00  0.000000E+00  0.000000E+00  0.000000E+00  0.000000E+00  0.000000E+00  0.000000E+00  0.000000E+00  0.000000E+00  0.000000E+00  0.000000E+00  0.000000E+00  0.000000E+00  0.000000E+00  0.000000E+00  0.000000E+00  0.000000E+00  0.000000E+00  0.000000E+00  0.000000E+00 -3.000000E+04 -1.602177E-05  0.000000E+00 -1.602177E-05  0.000000E+00
  1.500000E-08  0.000000E+00  1.400000E+01  1.227000E+03  1.313000E+03  9.000000E+00  1.100000E+01  0.000000E+00  2.000000E+00  1.611000E+03  0.000000E+00  0.000000E+00  0.000000E+00 -4.034032E-15 -9.657701E-17  4.187118E-17  1.610947E-15  7.204678E-16  3.976923E-16 -3.252866E-13 -3.440754E-15  3.200784E-17 -2.504948E-15  3.186629E-16  5.110932E-17 -7.089886E-17  1.332841E-16 -3.165531E-17  0.000000E+00  0.000000E+00  0.000000E+00 -6.868067E-16 -1.040055E-16  3.991355E-18  2.778315E-15  1.332989E-15  3.040765E-17 -3.281940E-13 -1.135933E-15  5.254243E-16  0.000000E+00  2.445789E-10  1.061612E-11  2.407807E-08  1.193966E-10  2.558504E-12  0.000000E+00  7.908388E-11  8.311826E-08  3.879829E-07  0.000000E+00  0.000000E+00  0.000000E+00 -1.171800E-06 -6.186145E-09  0.000000E+00  0.000000E+00 -1.862370E-09  3.704511E-07  4.559869E-04  4.564825E-04  0.000000E+00  1.500000E+00  0.000000E+00  0.000000E+00  0.000000E+00  0.000000E+00  0.000000E+00  0.000000E+00  0.000000E+00  0.000000E+00  0.000000E+00  0.000000E+00  0.000000E+00  0.000000E+00  0.000000E+00  0.000000E+00  0.000000E+00  0.000000E+00  0.000000E+00  0.000000E+00  0.000000E+00  0.000000E+00  0.000000E+00  0.000000E+00  0.000000E+00  0.000000E+00 -3.000000E+04 -1.602177E-05  0.000000E+00 -1.602177E-05  0.000000E+00
  1.600000E-08  0.000000E+00  1.800000E+01  1.252000E+03  1.314000E+03  9.000000E+00  1.100000E+01  0.000000E+00  2.000000E+00  1.444000E+03  0.000000E+00  0.000000E+00  0.000000E+00 -5.969563E-15 -1.455777E-16 -1.748095E-17  1.628779E-15  7.606247E-16  3.951583E-16 -3.509902E-13 -3.695559E-15  2.916969E-17 -2.742020E-15  3.373104E-16  5.108342E-17 -7.089886E-17  1.333208E-16 -3.161934E-17  0.000000E+00  0.000000E+00  0.000000E+00 -7.653449E-16 -1.061307E-16  4.052767E-18  2.612767E-15  1.103331E-15  1.167005E-16 -3.562965E-13 -1.612680E-15  5.470644E-16  0.000000E+00  3.916198E-10  1.079232E-11  2.773868E-08  1.398625E-10  2.558504E-12  0.000000E+00  9.623937E-11  8.779507E-08  3.891474E-07  0.000000E+00  0.000000E+00  0.000000E+00 -1.174269E-06 -6.197894E-09  0.000000E+00  0.000000E+00 -1.871567E-09  3.295513E-07  4.559864E-04  4.564918E-04  0.000000E+00  1.500000E+00  0.000000E+00  0.000000E+00  0.000000E+00  0.000000E+00  0.000000E+00  0.000000E+00  0.000000E+00  0.000000E+00  0.000000E+00  0.000000E+00  0.000000E+00  0.000000E+00  0.000000E+00  0.000000E+00  0.000000E+00  0.000000E+00  0.000000E+00  0.000000E+00  0.000000E+00  0.000000E+00  0.000000E+00  0.000000E+00  0.000000E+00  0.000000E+00 -3.000000E+04 -1.602177E-05  0.000000E+00 -1.602177E-05  0.000000E+00
  1.700000E-08  0.000000E+00  1.900000E+01  1.283000E+03  1.316000E+03  9.000000E+00  1.100000E+01  0.000000E+00  2.000000E+00  1.329000E+03  0.000000E+00  0.000000E+00  0.000000E+00 -6.161312E-15 -1.870833E-16 -2.593800E-17  1.642397E-15  7.909084E-16  4.061652E-16 -3.789209E-13 -3.946525E-15  7.854555E-17 -2.979096E-15  3.559540E-16  5.105601E-17 -7.089886E-17  1.333574E-16 -3.158343E-17  0.000000E+00  0.000000E+00  0.000000E+00 -8.438950E-16 -1.082550E-16  4.115303E-18  2.265178E-15  1.107830E-15  2.207263E-17 -3.850685E-13 -1.853813E-15  5.044333E-16  0.000000E+00  3.973807E-10  1.097229E-11  3.185506E-08  1.620714E-10  2.558504E-12  0.000000E+00  1.152436E-10  7.509470E-08  3.908776E-07  0.000000E+00  0.000000E+00  0.000000E+00 -1.177354E-06 -6.209261E-09  0.000000E+00  0.000000E+00 -1.881169E-09  2.962196E-07  4.559863E-04  4.564849E-04  0.000000E+00  1.500000E+00  0.000000E+00  0.000000E+00  0.000000E+00  0.000000E+00  0.000000E+00  0.000000E+00  0.000000E+00  0.000000E+00  0.000000E+00  0.000000E+00  0.000000E+00  0.000000E+00  0.000000E+00  0.000000E+00  0.000000E+00  0.000000E+00  0.000000E+00  0.000000E+00  0.000000E+00  0.000000E+00  0.000000E+00  0.000000E+00  0.000000E+00  0.000000E+00 -3.000000E+04  0.000000E+00  0.000000E+00  0.000000E+00  0.000000E+00
  1.800000E-08  0.000000E+00  2.600000E+01  1.302000E+03  1.317000E+03  9.000000E+00  1.200000E+01  0.000000E+00  3.000000E+00  1.212000E+03  0.000000E+00  0.000000E+00  0.000000E+00 -1.006777E-14  2.976994E-17 -3.526958E-17  1.618579E-15  7.948859E-16  4.069234E-16 -4.026764E-13 -4.441493E-15  9.985543E-17 -3.216160E-15  3.746069E-16  5.102712E-17 -1.052845E-16  1.898716E-16 -1.056332E-16  0.000000E+00  0.000000E+00  0.000000E+00 -9.903637E-16 -2.282868E-16  4.779775E-17  1.790479E-15  8.876639E-16  5.778782E-17 -4.136469E-13 -2.392981E-15  5.224888E-16  0.000000E+00  7.726814E-10  1.108477E-11  3.584199E-08  1.860209E-10  5.503780E-12  0.000000E+00  1.421901E-10  5.680812E-08  3.918436E-07  0.000000E+00  0.000000E+00  0.000000E+00 -1.179943E-06 -6.220698E-09  0.000000E+00  0.000000E+00 -3.657415E-09  2.613113E-07  4.559872E-04  4.564728E-04  0.000000E+00  1.500000E+00  0.000000E+00  0.000000E+00  0.000000E+00  0.000000E+00  0.000000E+00  0.000000E+00  0.000000E+00  0.000000E+00  0.000000E+00  0.000000E+00  0.000000E+00  0.000000E+00  0.000000E+00  0.000000E+00  0.000000E+00  0.000000E+00  0.000000E+00  0.000000E+00  0.000000E+00  0.000000E+00  0.000000E+00  0.000000E+00  0.000000E+00  0.000000E+00 -3.000000E+04  0.000000E+00  0.000000E+00  0.000000E+00  0.000000E+00
  1.900000E-08  0.000000E+00  2.700000E+01  1.321000E+03  1.317000E+03  9.000000E+00  1.200000E+01  0.000000E+00  3.000000E+00  1.123000E+03  0.000000E+00  0.000000E+00  0.000000E+00 -1.052940E-14 -1.703021E-17 -4.554114E-17  1.617120E-15  7.984013E-16  4.269821E-16 -4.299134E-13 -4.777688E-15  6.603297E-17 -3.453185E-15  3.932518E-16  5.099674E-17 -1.052845E-16  1.899578E-16 -1.055595E-16  0.000000E+00  0.000000E+00  0.000000E+00 -1.105316E-15 -2.303980E-16  4.790928E-17  1.625742E-15  7.564586E-16  6.363156E-17 -4.418638E-13 -2.887047E-15  5.044521E-16  0.000000E+00  8.048591E-10  1.120933E-11  4.044754E-08  2.117090E-10  5.503780E-12  0.000000E+00  1.667551E-10  5.537710E-08  3.927616E-07  0.000000E+00  0.000000E+00  0.000000E+00 -1.182079E-06 -6.233683E-09  0.000000E+00  0.000000E+00 -3.670141E-09  2.387860E-07  4.559882E-04  4.564780E-04  0.000000E+00  1.500000E+00  0.000000E+00  0.000000E+00  0.000000E+00  0.000000E+00  0.000000E+00  0.000000E+00  0.000000E+00  0.000000E+00  0.000000E+00  0.000000E+00  0.000000E+00  0.000000E+00  0.000000E+00  0.000000E+00  0.000000E+00  0.000000E+00  0.000000E+00  0.000000E+00  0.000000E+00  0.000000E+00  0.000000E+00  0.000000E+00  0.000000E+00  0.000000E+00 -3.000000E+04  0.000000E+00  0.000000E+00  0.000000E+00  0.000000E+00
  2.000000E-08  0.000000E+00  2.900000E+01  1.341000E+03  1.317000E+03  9.000000E+00  1.400000E+01  0.000000E+00  5.000000E+00  1.035000E+03  0.000000E+00  0.000000E+00  0.000000E+00 -1.108447E-14 -5.411420E-17 -3.116283E-17  1.615372E-15  8.210766E-16  4.257327E-16 -4.562381E-13 -5.118778E-15  2.796595E-17 -3.690236E-15  4.118867E-16  5.096488E-17 -2.455639E-16  1.832341E-17 -3.085418E-16  0.000000E+00  0.000000E+00  0.000000E+00 -1.371222E-15 -3.366113E-17  1.558457E-16  1.421274E-15  6.627552E-16  6.229281E-17 -4.695929E-13 -3.292511E-15  3.830975E-16  0.000000E+00  8.365090E-10  1.137078E-11  4.523887E-08  2.391426E-10  2.356701E-11  0.000000E+00  2.158008E-10  5.060785E-08  3.928643E-07  0.000000E+00  0.000000E+00  0.000000E+00 -1.183327E-06 -6.247490E-09  0.000000E+00  0.000000E+00 -6.715254E-09  2.130157E-07  4.559880E-04  4.564780E-04  0.000000E+00  1.500000E+00  0.000000E+00  0.000000E+00  0.000000E+00  0.000000E+00  0.000000E+00  0.000000E+00  0.000000E+00  0.000000E+00  0.000000E+00  0.000000E+00  0.000000E+00  0.000000E+00  0.000000E+00  0.000000E+00  0.000000E+00  0.000000E+00  0.000000E+00  0.000000E+00  0.000000E+00  0.000000E+00  0.000000E+00  0.000000E+00  0.000000E+00  0.000000E+00 -3.000000E+04  0.000000E+00  0.000000E+00  0.000000E+00  0.000000E+00
  2.100000E-08  0.000000E+00  2.900000E+01  1.353000E+03  1.316000E+03  1.000000E+01  1.500000E+01  0.000000E+00  5.000000E+00  9.770000E+02  0.000000E+00  0.000000E+00  0.000000E+00 -1.108447E-14 -5.407461E-17 -3.118221E-17  1.619018E-15  8.202030E-16  4.107546E-16 -4.844060E-13 -5.541619E-15  4.687906E-17 -3.810743E-15  4.841943E-16  3.207147E-17 -2.256294E-16  6.182772E-18 -3.209032E-16  0.000000E+00  0.000000E+00  0.000000E+00 -1.553533E-15 -3.575646E-17  1.554875E-16  1.172739E-15  5.980401E-16  3.460333E-17 -4.982886E-13 -3.722830E-15  3.277106E-16  0.000000E+00  8.365090E-10  1.145055E-11  5.045757E-08  2.699949E-10  2.378002E-11  0.000000E+00  2.485568E-10  3.982033E-08  3.920728E-07  0.000000E+00  0.000000E+00  0.000000E+00 -1.185778E-06 -6.261157E-09  0.000000E+00  0.000000E+00 -6.730469E-09  1.841824E-07  4.559886E-04  4.564724E-04  0.000000E+00  1.500000E+00  0.000000E+00  0.000000E+00  0.000000E+00  0.000000E+00  0.000000E+00  0.000000E+00  0.000000E+00  0.000000E+00  0.000000E+00  0.000000E+00  0.000000E+00  0.000000E+00  0.000000E+00  0.000000E+00  0.000000E+00  0.000000E+00  0.000000E+00  0.000000E+00  0.000000E+00  0.000000E+00  0.000000E+00  0.000000E+00  0.000000E+00  0.000000E+00 -3.000000E+04  0.000000E+00  0.000000E+00  0.000000E+00  0.000000E+00
  2.200000E-08  1.000000E+00  3.200000E+01  1.370000E+03  1.316000E+03  1.000000E+01  1.600000E+01  0.000000E+00  6.000000E+00  9.100000E+02  9.287848E-18 -2.249455E-18 -3.281264E-18 -1.284793E-14 -2.967088E-16 -7.911238E-17  1.622974E-15  8.285262E-16  4.156574E-16 -5.099038E-13 -5.731979E-15  7.075352E-17 -4.048031E-15  5.026768E-16  3.203971E-17 -2.818724E-16  7.564570E-17 -4.290287E-16  0.000000E+00  0.000000E+00  0.000000E+00 -2.069871E-15 -1.141329E-16  1.814606E-16  6.676466E-16  4.927306E-16  3.113190E-17 -5.268516E-13 -4.245491E-15  2.196208E-16  1.525110E-14  1.016249E-09  1.157154E-11  5.568414E-08  3.009297E-10  2.951742E-11  0.000000E+00  3.206176E-10  1.362000E-08  3.916730E-07  0.000000E+00  0.000000E+00  0.000000E+00 -1.189760E-06 -6.275159E-09  0.000000E+00  0.000000E+00 -7.416708E-09  1.752986E-07  4.559900E-04  4.564526E-04  0.000000E+00  1.500000E+00  1.000000E+00  0.000000E+00  0.000000E+00  0.000000E+00  0.000000E+00  0.000000E+00  0.000000E+00  0.000000E+00  0.000000E+00  0.000000E+00  0.000000E+00  0.000000E+00  0.000000E+00  0.000000E+00  0.000000E+00  0.000000E+00  0.000000E+00  0.000000E+00  0.000000E+00  0.000000E+00  0.000000E+00  0.000000E+00  0.000000E+00  0.000000E+00 -3.000000E+04  0.000000E+00  0.000000E+00  0.000000E+00  0.000000E+00
  2.300000E-08  0.000000E+00  3.700000E+01  1.390000E+03  1.313000E+03  1.000000E+01  1.600000E+01  0.000000E+00  6.000000E+00  8.490000E+02  0.000000E+00  0.000000E+00  0.000000E+00 -1.541078E-14 -8.568797E-16 -1.340367E-16  1.649014E-15  8.179706E-16  3.998347E-16 -5.342189E-13 -5.717557E-15  1.128086E-16 -4.285039E-15  5.212831E-16  3.200649E-17 -2.818724E-16  7.744544E-17 -4.300924E-16  0.000000E+00  0.000000E+00  0.000000E+00 -2.290237E-15 -1.159542E-16  1.811320E-16  6.829638E-16  4.549647E-16  3.451735E-17 -5.541549E-13 -4.818727E-15  1.961702E-16  0.000000E+00  1.296395E-09  1.172875E-11  6.106525E-08  3.335518E-10  2.951742E-11  0.000000E+00  3.694346E-10  1.338070E-08  3.893932E-07  0.000000E+00  0.000000E+00  0.000000E+00 -1.189912E-06 -6.291619E-09  0.000000E+00  0.000000E+00 -7.441507E-09  1.662610E-07  4.559901E-04  4.564559E-04  0.000000E+00  1.500000E+00  0.000000E+00  0.000000E+00  0.000000E+00  0.000000E+00  0.000000E+00  0.000000E+00  0.000000E+00  0.000000E+00  0.000000E+00  0.000000E+00  0.000000E+00  0.000000E+00  0.000000E+00  0.000000E+00  0.000000E+00  0.000000E+00  0.000000E+00  0.000000E+00  0.000000E+00  0.000000E+00  0.000000E+00  0.000000E+00  0.000000E+00  0.000000E+00 -3.000000E+04  0.000000E+00  0.000000E+00  0.000000E+00  0.000000E+00
  2.400000E-08  1.000000E+00  4.200000E+01  1.396000E+03  1.309000E+03  1.000000E+01  1.700000E+01  0.000000E+00  7.000000E+00  7.990000E+02  3.940069E-18  3.969335E-18  3.453984E-18 -1.908960E-14 -8.571861E-16 -1.448875E-16  1.656778E-15  8.184942E-16  3.898409E-16 -5.557961E-13 -6.283461E-15  5.375715E-17 -4.522523E-15  5.405934E-16  3.197161E-17 -3.883738E-16  1.592042E-16 -4.654166E-16  0.000000E+00  0.000000E+00  0.000000E+00 -2.654676E-15 -2.662818E-16  5.883777E-18  9.001930E-16  4.286920E-16  3.939317E-17 -5.798904E-13 -5.455976E-15 -8.600343E-17  6.455000E-15  1.714504E-09  1.178816E-11  6.637331E-08  3.679682E-10  3.516383E-11  0.000000E+00  4.451061E-10  2.563776E-08  3.881434E-07  0.000000E+00  0.000000E+00  0.000000E+00 -1.187314E-06 -6.309192E-09  0.000000E+00  0.000000E+00 -8.368364E-09  1.555992E-07  4.559903E-04  4.564730E-04  0.000000E+00  1.500000E+00  1.000000E+00  0.000000E+00  0.000000E+00  0.000000E+00  0.000000E+00  0.000000E+00  0.000000E+00  0.000000E+00  0.000000E+00  0.000000E+00  0.000000E+00  0.000000E+00  0.000000E+00  0.000000E+00  0.000000E+00  0.000000E+00  0.000000E+00  0.000000E+00  0.000000E+00  0.000000E+00  0.000000E+00  0.000000E+00  0.000000E+00  0.000000E+00 -3.000000E+04  0.000000E+00  0.000000E+00  0.000000E+00  0.000000E+00
